66 103 77 78 52 38 27 31 38 20 19 36 58 60 56 58 50 54 46 38 38 44 46 38 46 50 36 36 56 58 46 32 37 39 36 32 36 50 17 18 
63 103 66 25 73 13 23 46 40 16 43 44 65 75 64 63 58 46 43 49 51 49 52 42 39 49 43 40 51 51 57 39 40 35 30 36 51 55 16 27 
60 96 56 4 56 4 46 56 32 33 67 52 72 90 72 68 57 28 40 60 64 54 58 46 32 48 50 44 46 44 75 39 28 28 30 40 66 60 36 36 
47 78 29 0 26 0 45 41 22 43 61 44 63 77 62 60 47 25 48 60 55 46 53 29 40 55 45 38 53 55 76 26 33 34 42 37 53 58 44 32 
34 60 6 0 0 7 38 24 32 46 44 41 54 64 52 52 56 32 56 58 34 34 36 25 48 62 39 32 60 66 67 34 41 46 40 34 40 56 43 28 
38 61 0 0 0 25 46 39 50 54 45 38 40 58 51 49 51 36 41 44 26 27 27 33 43 60 49 36 57 59 70 40 39 48 29 32 40 53 39 25 
42 58 0 0 15 32 54 54 64 70 25 24 26 52 50 46 46 38 26 36 38 14 28 40 38 58 58 40 54 55 76 46 33 38 21 30 40 50 32 22 
37 63 4 31 18 31 53 46 45 40 14 19 26 56 55 46 44 36 23 31 44 22 37 37 41 54 58 59 68 66 88 54 35 22 13 33 47 49 28 24 
32 64 62 33 6 30 50 24 26 16 10 20 26 60 60 46 42 34 20 26 38 48 44 34 44 50 58 78 82 86 94 46 43 9 0 39 51 48 30 26 
43 80 68 12 0 41 53 14 31 26 5 27 33 56 53 49 50 37 26 25 35 43 39 38 42 46 52 44 63 108 67 33 32 0 22 62 41 35 46 30 
54 98 46 0 20 52 36 10 36 44 0 38 40 52 46 52 58 40 28 24 32 38 34 42 40 42 32 12 51 100 36 20 50 24 39 50 32 50 58 34 
49 76 24 12 33 38 12 13 36 40 6 52 33 58 56 50 51 43 30 27 34 38 31 41 38 34 30 33 66 70 44 31 62 56 23 35 40 50 28 25 
44 45 25 29 22 19 7 23 36 36 15 46 26 64 66 48 44 46 44 28 36 38 28 40 30 26 46 52 53 64 63 42 74 52 0 48 44 12 0 16 
38 41 34 23 19 27 9 24 32 34 17 30 29 53 47 50 53 46 48 32 24 28 33 43 31 38 61 42 60 78 56 30 57 61 7 48 24 0 14 29 
32 44 25 12 44 34 0 22 28 32 11 24 32 42 28 52 62 46 52 25 8 22 38 46 42 53 80 38 60 85 32 18 40 71 43 12 20 32 32 42 
31 27 0 14 44 35 0 26 26 24 11 29 29 50 40 45 45 47 55 23 19 34 32 37 42 55 56 26 33 44 43 22 43 62 47 0 37 52 32 40 
30 17 0 16 44 39 8 30 17 16 20 30 26 58 52 38 28 48 58 32 34 36 18 28 34 32 32 4 12 48 61 26 46 53 31 21 54 48 15 38 
24 0 5 22 45 35 7 33 22 24 19 19 25 56 48 47 39 39 49 34 28 29 25 29 30 38 34 12 58 70 48 21 34 50 39 19 46 52 17 32 
18 0 18 28 25 20 12 36 48 17 13 16 24 54 44 56 50 30 40 36 22 22 34 30 30 55 45 32 91 69 24 16 22 47 61 3 38 60 33 26 
9 0 16 26 38 31 9 35 43 32 7 28 14 50 43 42 41 35 47 35 23 25 30 39 46 57 51 41 75 66 36 30 40 59 47 4 49 64 33 25 
0 8 14 24 56 44 6 34 38 40 10 27 4 46 42 28 32 40 54 48 20 29 26 48 62 59 60 46 64 76 51 44 58 50 19 20 60 68 18 24 
28 35 17 31 46 43 19 29 34 35 18 29 18 48 46 36 45 36 36 34 28 34 35 36 46 56 61 50 74 72 37 29 43 40 11 16 45 61 31 19 
56 26 20 38 39 41 28 24 30 30 42 33 32 50 45 35 38 16 18 38 51 37 33 22 30 58 61 50 76 64 12 14 28 37 28 10 30 54 44 14 
39 24 28 42 56 36 21 30 33 40 44 31 29 46 35 24 32 26 44 59 41 27 29 33 40 50 58 53 71 58 19 27 45 41 25 10 33 54 34 8 
22 38 36 46 67 15 18 36 36 50 46 21 26 42 20 16 38 52 70 67 10 22 34 46 50 42 55 58 68 64 40 40 62 33 0 12 36 54 18 2 
30 36 28 42 53 0 31 37 25 35 33 20 24 44 28 25 39 62 37 32 12 29 38 27 35 45 54 65 69 60 30 22 42 31 8 29 36 46 31 20 
38 27 20 38 44 7 34 16 14 20 26 41 22 46 46 32 31 30 2 18 44 34 16 6 20 48 58 67 72 56 4 4 22 54 58 40 32 38 48 38 
30 26 18 29 46 7 27 13 24 33 36 39 14 33 32 34 27 15 21 30 30 35 28 19 23 42 49 64 70 52 10 15 39 52 38 34 38 48 50 32 
22 24 12 25 42 6 30 24 34 44 34 14 6 20 18 36 36 25 42 41 13 36 40 32 26 36 40 56 72 48 15 26 56 50 18 22 40 58 52 26 
24 16 13 39 34 15 41 27 34 41 26 9 16 38 43 42 45 36 27 44 32 38 36 25 30 38 42 60 52 62 16 19 31 31 16 23 41 56 45 29 
26 8 18 56 24 24 52 26 34 36 28 20 26 56 68 48 35 33 12 48 60 44 23 20 34 40 44 61 68 42 16 10 6 12 14 24 42 54 38 32 
25 19 24 57 33 26 47 26 35 41 36 28 23 48 52 50 39 21 25 47 58 23 17 27 29 33 35 57 56 38 0 13 27 23 16 22 46 60 47 32 
24 35 30 44 44 28 42 26 36 46 44 23 20 40 36 52 54 15 38 37 28 22 28 30 20 26 26 50 61 0 0 18 48 40 8 20 50 66 56 32 
24 23 19 39 48 26 38 30 36 43 35 16 18 41 42 49 59 19 44 54 42 36 31 33 30 36 41 57 56 0 14 28 53 42 17 26 45 56 43 27 
24 0 8 51 66 23 34 34 36 40 18 6 16 42 67 52 53 30 50 78 59 30 30 42 52 46 56 61 60 4 27 39 50 37 34 32 40 46 21 22 
28 5 28 64 49 14 29 28 27 29 14 7 22 56 71 40 32 23 39 48 40 15 27 36 45 49 37 61 65 0 34 45 41 29 17 31 51 49 11 16 
32 13 34 56 28 8 24 22 18 18 34 12 28 61 52 22 11 15 24 23 31 9 24 30 38 40 18 54 84 16 40 38 26 10 0 30 62 52 16 10 
27 12 26 55 25 11 17 28 26 19 26 7 23 59 34 10 22 29 29 33 22 0 33 37 46 40 11 42 73 27 25 28 21 0 19 35 46 39 18 10 
22 0 24 65 18 4 10 34 31 4 12 0 28 48 20 18 44 40 26 28 2 8 42 44 54 35 4 30 59 28 12 32 27 5 38 40 26 14 9 10 
12 2 18 54 16 0 16 36 37 14 24 15 24 54 39 42 38 28 20 16 6 28 30 28 42 30 10 26 57 9 21 32 28 18 33 30 31 13 11 24 
2 0 20 32 20 6 22 38 57 28 33 18 25 58 60 46 24 25 16 16 19 25 10 12 30 47 11 24 34 0 30 32 22 42 21 20 48 25 20 38 
9 15 30 41 30 6 21 47 30 14 26 4 36 62 43 26 16 15 8 9 18 9 18 19 41 35 1 22 33 13 32 18 24 34 21 32 38 28 6 31 
16 26 35 64 28 0 24 32 8 4 16 4 48 52 20 12 8 5 12 5 0 6 34 26 46 8 6 28 42 10 16 6 26 26 34 44 28 9 0 24 
11 22 43 62 29 0 18 22 17 18 22 18 28 50 33 27 20 10 9 3 3 23 35 27 46 11 12 18 56 3 17 6 14 35 40 34 33 19 13 28 
6 28 52 60 8 0 12 12 28 32 36 24 13 60 43 43 21 6 6 8 22 40 36 23 35 17 6 8 58 11 16 0 2 44 46 24 38 32 30 32 
4 21 34 45 39 0 16 28 34 58 38 19 15 50 43 43 14 7 19 28 25 27 35 20 24 1 7 33 56 13 8 0 25 39 31 23 35 22 24 37 
2 12 16 56 68 5 28 44 48 59 40 12 0 37 56 47 20 19 33 35 10 14 34 23 6 0 20 58 58 0 0 16 48 34 16 22 24 4 18 42 
27 41 44 66 62 3 33 55 57 55 19 15 0 48 74 39 40 22 28 11 6 15 19 11 0 15 36 36 65 0 10 25 49 37 30 31 33 19 28 21 
52 60 47 62 53 7 38 60 84 32 12 20 0 61 77 50 53 8 18 2 9 4 4 6 12 26 50 14 60 32 12 34 50 42 44 40 41 25 9 0 
46 44 32 62 59 15 55 48 78 51 32 25 0 74 58 40 43 12 18 3 8 13 22 19 14 41 37 13 48 22 3 19 34 25 29 29 41 24 0 13 
40 31 31 81 63 22 70 56 66 90 35 24 7 72 47 26 26 20 12 2 16 34 40 27 16 36 20 12 37 0 0 4 18 8 14 18 56 28 8 26 
47 46 39 88 47 12 70 37 47 69 21 16 4 72 58 39 27 12 0 4 8 19 34 23 11 23 18 6 30 4 1 9 14 4 17 34 50 28 12 16 
54 51 44 77 19 1 44 35 49 38 0 20 0 75 67 56 21 0 0 3 0 8 24 12 6 16 16 0 23 8 14 6 4 4 20 50 44 28 2 6 
43 40 36 62 28 4 50 48 60 41 19 42 18 88 53 36 0 0 4 6 10 25 26 8 5 15 21 8 14 11 17 0 4 11 15 30 32 24 14 13 
32 46 30 50 22 7 56 52 54 89 41 58 37 75 23 14 0 5 2 14 30 34 15 1 8 13 31 9 0 10 14 14 10 18 7 10 20 20 26 20 
27 66 24 54 9 12 64 47 47 86 69 38 14 47 0 41 12 6 5 28 40 23 20 16 18 14 18 3 14 9 38 20 13 22 23 23 33 27 25 39 
22 30 52 50 2 25 70 49 54 79 30 28 0 5 34 30 18 20 14 39 35 14 31 65 6 4 4 10 41 8 56 26 16 26 42 36 46 34 24 58 
22 36 56 38 0 32 70 38 42 84 35 31 0 0 3 37 34 28 6 32 22 1 34 44 7 5 17 24 38 4 38 14 11 37 38 27 51 51 34 45 
22 40 44 20 34 35 68 38 30 86 61 20 0 3 5 28 33 15 5 28 10 20 29 20 0 8 48 24 20 0 21 0 6 48 34 18 56 68 44 32 
39 54 35 28 36 36 70 33 33 77 33 2 1 0 0 15 21 4 6 11 4 0 27 36 7 5 44 30 52 24 15 1 16 52 46 30 46 45 29 17 
56 56 26 29 27 40 72 33 36 52 0 0 0 0 0 0 0 0 0 0 0 0 34 40 10 23 33 44 75 35 3 12 26 56 58 42 36 16 2 2 
36 15 5 18 27 22 52 39 30 40 0 12 0 0 0 13 2 0 6 4 0 16 75 52 21 33 63 70 50 17 3 17 27 52 46 23 34 19 0 13 
16 0 0 24 22 4 32 36 20 28 39 18 1 0 0 0 0 0 9 13 6 34 72 89 61 50 65 72 28 16 16 22 28 48 30 4 32 20 6 24 
25 5 2 40 8 7 40 50 34 46 40 19 4 0 0 0 19 8 32 32 29 50 97 78 52 51 52 37 39 28 16 21 16 30 17 9 26 22 10 22 
34 0 3 34 0 24 40 64 36 64 36 24 0 0 0 35 44 38 42 50 52 62 82 62 48 56 41 25 53 16 4 16 4 12 18 14 20 28 17 20 
44 23 2 43 13 17 40 87 78 86 66 26 0 0 15 54 44 34 45 44 42 60 70 32 28 43 16 23 32 6 7 16 4 18 16 11 25 18 13 18 
54 0 2 40 57 22 70 110 86 100 92 20 0 6 30 56 36 32 48 36 32 50 47 0 0 16 21 26 16 9 13 8 4 24 17 9 18 4 12 16 
53 0 24 56 66 22 94 122 78 95 75 26 17 9 41 61 36 38 51 44 41 49 32 8 22 54 41 26 10 18 10 9 25 29 26 12 17 19 14 11 
52 6 46 67 48 22 103 128 84 88 76 49 26 11 51 58 37 44 54 54 46 42 38 37 52 75 34 20 0 30 15 24 46 34 22 16 22 25 0 6 
66 17 56 80 39 34 91 134 100 106 100 53 20 13 41 52 31 29 52 26 40 29 23 27 29 42 5 12 0 15 7 23 27 22 12 14 18 7 0 10 
80 24 66 91 32 46 89 131 116 124 104 42 24 10 27 49 9 12 45 13 25 18 0 0 6 9 0 0 0 9 0 16 8 12 18 9 7 0 15 14 
66 13 65 78 8 50 92 137 126 124 90 28 17 9 21 21 2 17 27 30 7 8 0 6 4 6 0 2 0 0 7 19 17 6 21 21 16 15 29 27 
52 15 60 56 0 54 85 156 134 120 59 13 3 0 19 0 0 24 24 29 1 0 0 0 0 0 0 0 0 0 16 21 24 0 22 30 42 28 38 40 
43 10 51 57 9 57 107 158 114 84 25 0 0 11 13 1 6 22 28 26 0 0 0 0 19 25 19 11 5 12 28 27 16 9 18 17 27 17 24 23 
34 13 50 78 12 60 100 149 92 44 4 0 0 12 24 20 0 18 32 25 0 3 0 13 38 52 43 11 5 24 39 22 11 11 6 4 12 6 11 6 
35 21 52 60 4 54 82 130 72 23 0 0 0 28 9 0 11 14 23 16 0 0 4 29 44 47 38 0 2 41 36 16 15 10 6 10 23 23 10 4 
36 18 44 51 0 48 79 102 49 13 0 0 16 2 0 0 0 13 15 16 0 7 24 42 50 40 1 0 19 46 25 25 19 5 9 16 34 34 0 2 
50 41 58 32 31 37 74 80 28 0 0 2 6 0 0 0 1 17 11 7 0 18 31 46 62 38 0 11 38 42 15 19 14 6 24 29 39 26 0 19 
64 64 31 47 29 26 67 59 12 0 0 0 5 0 0 2 12 3 0 0 1 22 32 50 74 68 13 22 41 20 1 12 18 36 44 41 37 10 15 36 
62 50 25 23 0 15 48 42 1 0 0 0 0 0 0 5 0 0 10 14 14 27 41 58 71 67 49 17 19 0 0 19 23 18 29 24 41 10 18 31 
60 32 21 0 28 6 37 20 0 0 0 0 0 0 0 0 0 13 28 27 26 32 50 66 68 66 51 0 0 0 7 17 12 0 12 6 40 38 11 26 
55 24 2 1 0 8 27 21 13 13 2 4 0 5 0 15 6 22 22 29 31 30 42 43 45 47 40 6 14 6 4 11 3 6 16 19 58 49 27 28 
50 13 0 0 0 12 28 28 24 16 15 0 0 20 0 22 11 26 16 30 36 28 34 20 22 28 26 40 11 0 0 7 2 12 22 32 76 60 32 30 
42 0 0 0 0 21 35 32 20 22 20 0 3 32 4 15 20 30 27 37 36 23 32 24 22 26 36 39 17 0 0 12 15 30 42 23 64 60 35 22 
34 0 13 0 0 17 37 30 18 28 24 9 17 38 1 14 26 34 38 44 28 18 30 34 19 24 46 38 32 0 0 26 36 48 30 14 52 60 38 14 
23 4 52 6 0 19 49 34 23 35 25 0 22 50 4 5 20 34 39 51 43 35 42 41 33 49 51 31 35 0 0 39 33 40 30 20 51 49 30 17 
12 70 68 44 0 28 56 31 28 39 0 1 36 54 0 0 14 34 40 58 66 52 54 48 50 74 56 24 23 22 13 48 20 32 31 26 50 34 12 20 
33 100 78 28 26 40 30 9 20 38 6 25 35 37 0 0 29 44 45 56 61 39 55 52 43 63 52 31 23 23 3 32 20 43 31 23 37 32 12 24 
54 128 55 0 0 20 5 0 12 40 56 35 33 17 0 19 44 54 50 54 41 26 56 56 36 52 48 38 1 0 0 28 50 53 15 14 24 38 24 28 
43 108 46 3 0 9 0 6 25 59 56 32 53 63 26 26 42 44 44 58 45 37 52 55 44 62 45 4 0 0 18 51 63 54 29 13 37 51 37 36 
32 88 24 0 0 0 2 10 38 78 56 26 72 90 64 43 35 33 38 62 70 48 48 54 52 67 0 0 12 12 30 74 76 54 39 20 50 64 42 44 
37 75 14 0 0 0 16 34 40 61 57 40 78 83 54 50 44 27 26 37 45 34 51 47 40 62 0 6 27 4 19 61 74 70 65 49 68 66 42 40 
42 52 4 0 0 4 30 58 42 44 58 54 84 76 44 61 33 14 12 12 20 20 54 40 28 60 33 5 0 0 8 48 72 86 86 84 86 68 42 36 
34 26 0 2 22 10 17 45 41 48 50 57 61 52 34 48 16 16 20 14 15 30 61 50 35 57 51 0 0 12 28 71 89 79 79 84 88 70 38 39 
26 10 5 26 17 0 4 32 40 52 64 36 36 22 24 40 22 23 25 6 10 40 68 60 42 54 52 23 20 34 48 94 106 72 72 84 90 72 22 42 
23 7 7 37 11 0 9 32 36 47 82 30 28 10 37 36 15 23 23 0 15 26 70 68 44 59 57 46 60 35 45 80 92 76 70 69 83 66 16 52 
20 0 8 24 10 14 18 32 32 37 80 24 14 4 50 32 8 22 32 6 14 12 72 76 46 64 62 60 72 54 42 66 78 80 68 54 76 60 42 62 
12 9 0 12 13 0 28 17 32 36 65 20 8 4 28 26 5 17 17 13 9 41 86 76 52 65 68 69 79 63 54 68 63 52 36 31 52 55 43 59 
4 0 0 0 0 3 24 3 32 42 53 16 4 4 6 20 2 12 2 8 22 70 100 76 58 66 74 78 86 72 66 70 48 10 0 8 28 50 40 56 
2 6 13 4 3 10 23 20 36 24 17 16 1 16 11 29 39 39 35 49 61 88 103 86 76 82 83 82 91 72 66 75 65 42 14 17 36 49 31 36 
0 2 38 6 4 16 25 29 16 4 4 24 8 28 16 38 76 66 68 90 100 106 106 96 94 98 92 86 96 72 66 80 82 70 40 26 44 48 16 16 
21 30 39 21 18 21 45 43 13 25 17 46 28 16 25 50 65 60 79 95 94 99 97 94 102 112 104 95 102 80 70 79 72 64 47 25 30 41 28 31 
42 48 48 25 23 26 57 66 25 46 39 35 37 4 34 62 54 54 90 100 88 92 88 92 110 126 116 104 108 88 74 78 62 58 54 24 16 34 40 46 
44 43 47 16 21 36 53 67 41 41 45 46 22 17 23 57 74 64 75 90 86 89 80 82 98 103 94 100 104 84 74 74 68 54 40 23 30 52 43 45 
46 38 47 15 28 46 48 69 56 52 50 34 0 28 12 52 94 74 60 80 84 86 72 72 86 80 72 96 100 80 74 70 74 50 26 22 44 70 46 44 
30 22 38 10 25 44 57 82 57 48 45 9 2 22 9 26 63 71 75 86 74 65 53 61 83 86 86 99 105 81 72 70 63 47 29 22 37 65 56 46 
14 7 28 30 22 42 66 95 58 37 41 0 0 4 4 0 32 68 90 92 64 47 39 50 80 92 100 102 110 82 70 70 52 48 36 22 30 60 66 48 
18 16 17 28 30 35 46 61 52 21 40 9 0 0 7 18 53 61 72 77 56 80 35 35 60 68 85 106 105 75 70 70 54 42 19 27 45 71 57 36 
22 10 10 18 32 28 26 38 46 11 36 26 0 2 12 36 74 54 54 62 76 63 20 20 40 44 70 110 100 68 70 70 56 43 17 34 60 82 48 24 
25 6 16 10 25 24 20 17 25 6 18 7 0 1 18 36 66 57 64 57 75 33 7 21 34 44 60 93 92 65 63 54 35 35 30 30 47 74 63 33 
28 1 10 4 23 16 6 0 0 0 0 0 0 8 24 36 58 69 64 48 48 5 11 22 28 44 50 76 84 62 56 38 14 35 38 26 34 66 78 42 
29 2 10 16 22 6 4 0 4 10 13 9 0 15 18 24 50 76 47 30 28 12 30 23 27 35 43 66 69 45 46 50 32 40 23 13 28 59 61 37 
30 0 18 17 7 2 9 2 8 40 21 0 0 15 4 12 60 56 32 16 40 35 29 20 26 26 36 56 54 28 36 62 50 22 0 0 22 52 44 32 
16 36 6 12 2 4 13 0 10 39 34 2 7 35 27 35 70 74 37 38 56 18 22 33 29 33 41 63 60 34 45 56 45 25 14 27 37 40 36 27 
2 25 22 0 0 4 10 0 18 38 31 26 32 64 60 55 61 74 64 52 34 3 38 50 29 40 46 70 66 40 54 50 40 56 35 40 34 22 28 22 
11 28 3 6 3 15 14 13 22 28 35 25 32 55 69 50 54 64 62 30 10 29 45 35 38 38 38 60 65 45 47 50 45 47 27 17 23 28 34 28 
20 13 0 28 12 11 21 31 18 18 36 19 32 52 60 52 54 54 42 13 26 48 24 20 48 36 30 50 64 50 40 50 50 35 0 8 30 40 40 34 
10 2 6 12 4 3 28 21 13 12 46 16 20 62 54 52 36 23 13 10 29 33 23 24 26 24 26 42 55 35 31 41 42 44 7 30 46 53 43 28 
0 0 0 0 0 7 24 7 11 12 40 8 8 75 48 32 8 1 0 8 28 18 32 28 1 12 22 34 46 20 22 32 34 50 56 52 62 66 45 22 
14 8 9 20 8 24 4 17 24 26 48 6 20 62 50 24 5 0 10 10 22 26 27 15 8 17 15 26 24 18 20 16 26 43 42 38 57 61 43 29 
28 29 33 40 8 2 4 36 35 36 49 2 24 48 52 16 4 8 20 12 16 34 14 2 16 22 8 16 2 16 8 0 18 36 28 24 52 56 40 36 
34 32 30 14 0 0 27 45 26 37 55 0 40 60 40 6 4 5 13 10 10 24 17 9 13 22 23 27 8 14 8 11 17 29 27 32 55 63 46 27 
40 15 10 0 6 26 34 32 22 35 68 17 60 39 23 8 3 2 6 8 4 14 20 16 10 22 38 38 14 12 10 22 16 22 26 40 58 70 52 18 
29 0 5 7 33 32 24 28 26 24 51 47 84 23 23 10 7 6 15 8 9 13 15 8 9 11 30 30 12 11 12 13 10 23 14 32 37 46 39 27 
18 6 19 26 24 18 30 32 24 24 50 67 71 0 52 17 10 10 24 4 14 4 6 0 9 0 22 22 10 10 14 2 4 30 4 24 16 22 26 36 
14 13 13 19 22 28 26 31 23 35 52 62 36 0 30 4 4 21 37 21 18 7 13 15 12 5 22 17 11 7 17 11 8 37 8 21 14 32 31 23 
10 10 7 16 44 26 19 27 30 35 46 47 8 0 8 2 4 32 50 42 22 18 24 30 6 10 22 12 9 4 20 22 13 36 12 18 12 42 36 10 
23 35 31 17 49 23 30 47 34 33 42 21 0 0 3 0 7 28 46 38 24 24 27 21 12 16 17 14 17 18 27 29 15 48 16 17 15 33 19 13 
36 49 35 18 47 31 50 54 24 25 27 0 0 0 0 1 10 24 42 41 26 30 30 11 16 22 10 16 34 32 34 41 18 50 13 16 18 10 2 16 
18 39 20 17 46 28 42 43 14 23 14 0 0 1 10 14 14 34 44 54 16 27 28 18 28 31 16 24 33 37 33 36 19 36 17 11 19 9 7 19 
0 5 48 21 40 19 34 38 13 19 0 0 1 21 26 18 22 44 47 33 10 24 40 40 40 40 18 32 26 36 32 25 20 34 13 6 20 19 12 22 
23 47 58 28 40 17 32 35 29 0 0 0 0 4 28 30 26 29 20 9 9 19 42 31 24 27 22 29 32 33 21 17 19 29 7 17 34 37 17 25 
46 46 56 35 50 16 30 44 17 0 0 0 0 0 18 24 16 4 0 5 8 14 44 22 8 14 20 29 46 17 10 23 18 24 18 28 48 52 20 28 
31 35 44 40 29 0 29 40 27 1 1 12 0 0 35 27 16 1 1 15 13 16 33 16 19 27 20 42 27 6 17 24 13 22 26 28 49 46 23 40 
16 42 38 23 1 0 28 36 36 30 14 0 13 21 27 20 12 1 4 28 17 18 22 10 30 40 20 32 12 12 23 11 8 20 26 28 50 40 32 52 
28 52 3 0 0 13 32 34 29 46 6 4 25 12 21 21 15 5 15 39 14 13 23 12 21 32 26 31 27 20 18 1 13 18 27 23 43 48 34 48 
40 72 0 9 15 22 36 32 22 40 13 52 28 6 25 26 8 18 14 46 4 8 24 14 12 24 34 37 47 20 10 0 18 16 28 18 36 56 36 44 
30 35 17 24 22 18 34 36 29 48 53 59 21 10 6 21 24 22 17 33 0 9 29 28 23 26 37 41 58 16 8 4 18 16 28 30 44 45 25 30 
20 51 26 24 10 14 32 49 36 52 93 62 18 3 0 24 34 15 16 19 0 10 38 48 43 28 40 46 50 9 10 6 18 16 28 42 52 34 14 16 
28 44 24 8 2 16 40 63 18 59 70 29 13 16 8 20 29 0 0 23 3 24 49 27 21 16 35 24 27 2 3 12 16 19 31 33 47 41 26 27 
36 42 13 0 3 18 49 52 0 60 40 23 24 0 32 20 4 0 6 27 0 32 32 0 8 8 22 6 17 1 3 18 20 22 34 24 42 48 38 38 
27 14 0 9 29 29 36 21 37 76 62 31 2 11 18 16 6 8 8 20 0 34 22 2 6 22 22 6 6 0 16 22 30 25 30 26 43 51 36 37 
18 0 16 41 31 24 24 35 61 82 82 22 0 0 0 0 20 6 8 14 2 36 12 10 4 27 20 0 4 14 28 18 39 24 26 28 44 54 34 36 
29 21 35 41 2 14 30 42 63 86 66 1 0 0 0 3 9 0 16 11 15 36 6 17 16 7 42 6 20 15 26 26 38 19 19 19 34 47 29 28 
40 36 23 2 0 20 36 44 64 80 36 0 0 0 0 0 0 6 17 4 36 28 0 45 13 0 62 17 25 14 20 30 28 12 12 10 24 40 24 20 
35 20 1 0 14 29 41 42 78 82 51 1 0 0 10 0 0 15 21 26 31 6 4 52 6 4 38 18 22 10 16 32 34 17 20 24 41 48 22 23 
30 1 9 20 26 38 46 53 85 82 59 5 3 0 0 6 16 25 20 32 7 0 16 41 7 0 12 28 16 8 16 38 52 23 28 38 58 56 20 26 
31 10 29 28 15 31 42 58 82 72 44 0 0 0 5 37 27 18 18 11 5 11 42 17 0 0 21 40 30 26 34 38 36 22 22 24 42 63 29 30 
32 25 40 18 1 29 38 62 72 60 24 7 14 2 26 48 10 9 13 0 24 22 44 0 0 0 40 48 53 41 27 24 24 24 8 14 26 70 46 34 
27 22 22 6 0 30 30 52 86 51 41 22 31 0 23 40 4 23 9 6 35 14 27 2 23 8 52 58 48 17 12 15 32 16 9 28 24 40 26 29 
22 10 4 17 0 17 22 59 93 64 62 24 33 2 21 39 20 25 1 13 20 2 22 46 28 6 56 55 28 0 12 12 40 7 16 30 8 10 6 24 
30 4 14 24 0 19 31 97 84 50 45 17 41 11 30 32 15 12 0 9 4 8 52 55 11 0 54 34 10 5 13 29 37 5 19 29 13 16 10 15 
38 11 24 22 0 34 40 107 68 33 35 22 48 30 35 24 0 0 3 2 0 21 76 35 0 0 44 12 7 16 15 52 24 11 24 32 13 18 3 6 
29 0 16 27 3 32 27 104 60 17 35 22 31 33 17 0 0 3 8 0 9 30 51 34 0 0 38 7 8 24 32 38 7 12 16 19 5 7 1 4 
20 0 16 32 6 16 18 104 52 4 36 12 14 9 26 0 2 16 6 0 12 12 36 40 3 2 32 0 8 32 40 8 8 8 4 8 0 2 8 2 
29 22 37 31 2 26 25 81 63 21 44 18 19 0 28 35 9 17 8 0 1 2 53 39 4 0 44 10 35 54 34 2 14 12 8 9 0 8 21 6 
38 24 53 27 8 25 28 70 74 46 42 23 9 0 32 56 9 21 6 0 0 0 63 37 7 16 62 37 53 53 17 5 20 16 12 7 2 14 30 10 
39 33 46 27 13 18 45 80 72 43 36 15 0 2 15 41 23 0 0 0 0 6 45 28 6 6 64 45 60 56 10 3 22 30 15 7 10 13 24 8 
40 31 28 26 20 39 56 74 67 39 28 6 0 3 0 0 22 15 0 0 6 15 28 26 11 0 83 52 49 36 1 4 32 44 15 9 13 12 18 6 
34 13 28 27 22 46 46 60 48 35 8 0 15 7 0 0 0 0 24 0 0 0 34 31 34 19 51 36 50 13 0 20 36 33 13 12 9 16 11 10 
28 13 34 28 20 29 28 36 28 27 24 19 21 0 0 0 0 4 0 0 0 0 33 57 42 18 19 30 37 2 19 29 29 24 10 9 10 18 3 14 
41 39 26 27 8 26 21 43 37 29 30 14 0 0 0 0 0 0 0 0 0 2 52 64 34 4 0 42 32 2 25 19 21 17 6 3 12 8 4 10 
54 34 6 26 4 24 19 47 48 28 26 0 0 0 0 0 5 0 0 0 7 28 41 56 0 0 4 26 39 16 18 11 20 7 0 0 10 0 12 6 
48 17 7 32 18 27 27 48 40 24 21 6 2 0 0 7 31 0 0 0 18 35 42 50 5 20 24 21 48 12 17 14 14 0 0 7 6 2 15 6 
42 0 2 38 23 38 33 43 32 25 24 19 25 15 2 7 29 4 0 0 33 42 42 54 33 36 25 24 38 0 18 11 8 1 5 8 0 4 18 6 
44 0 15 30 23 30 33 36 38 21 24 24 32 12 4 14 30 5 9 5 35 34 44 54 23 10 15 21 12 0 25 8 16 1 10 13 3 10 21 4 
46 5 5 22 14 38 28 52 24 12 32 33 38 35 0 12 28 13 21 14 25 25 27 46 0 2 26 5 0 20 19 10 15 1 14 24 9 12 12 2 
48 0 2 33 24 33 33 43 11 32 53 46 24 8 14 10 16 8 14 3 12 16 23 24 0 5 26 9 10 27 7 1 9 1 20 14 5 17 8 14 
50 0 0 44 27 12 34 46 30 51 54 28 0 0 0 0 0 0 0 0 0 36 0 9 0 14 22 30 6 22 0 0 0 4 20 4 12 26 10 26 
41 13 2 53 20 23 44 52 52 49 37 17 12 15 10 6 12 17 8 6 27 40 4 18 0 15 23 31 11 2 3 7 11 29 22 3 21 26 12 16 
32 0 23 55 27 44 54 54 48 34 28 32 30 24 24 22 15 0 44 54 34 33 8 4 0 6 33 20 4 0 19 24 35 31 10 2 30 24 0 6 
43 23 41 54 40 31 53 47 26 27 24 26 15 17 28 28 22 4 48 36 19 16 0 0 10 34 34 10 0 9 22 22 20 11 0 10 26 32 12 25 
54 41 42 56 21 18 52 39 14 29 4 4 6 20 38 28 28 8 49 14 16 8 0 7 32 49 11 0 17 4 7 11 7 11 14 11 22 43 45 44 
31 13 26 55 22 25 52 30 32 1 0 5 14 26 37 8 26 23 36 24 19 7 1 4 31 28 0 0 31 16 13 16 10 19 20 6 39 54 38 23 
8 0 28 56 20 30 52 27 9 0 0 29 24 32 35 0 16 9 35 29 15 0 4 0 30 15 2 13 34 35 16 13 16 20 6 22 56 44 8 2 
21 22 28 49 37 33 48 18 3 0 2 27 20 17 26 1 19 6 27 10 0 0 0 9 30 16 0 6 32 25 11 5 14 15 13 21 30 18 0 12 
34 31 28 42 46 36 44 5 0 0 1 13 4 2 16 2 36 0 0 0 3 0 9 19 24 0 0 0 18 28 1 7 12 16 18 6 3 2 4 22 
28 21 23 42 38 27 43 10 0 14 0 0 0 15 27 12 56 0 0 6 15 5 23 25 17 0 0 6 23 17 0 7 8 13 14 7 9 12 9 21 
22 12 18 42 30 18 33 39 12 0 0 0 10 28 38 14 44 10 28 12 12 18 34 42 12 0 6 19 3 0 0 6 4 14 9 24 18 16 8 20 
23 48 24 44 38 28 21 15 2 0 0 0 23 35 41 22 38 11 21 18 23 14 32 42 10 0 7 7 0 0 0 17 14 17 7 14 15 16 5 14 
24 54 33 46 42 7 7 0 0 0 19 6 36 42 44 21 20 5 23 27 22 10 31 41 0 1 5 3 6 0 3 28 18 8 4 8 12 8 4 8 
25 54 25 38 8 6 31 22 0 0 20 0 37 48 36 27 8 0 0 55 12 17 22 22 2 2 0 5 4 0 3 18 2 1 12 14 21 18 8 7 
26 45 16 8 0 3 58 47 10 0 2 3 38 54 28 27 8 0 6 50 18 16 7 8 0 0 0 8 0 0 0 0 0 10 20 20 30 28 6 6 
25 46 24 16 18 29 27 35 0 0 0 12 23 38 27 29 0 3 24 32 22 0 0 18 18 13 0 4 0 0 0 4 12 14 15 18 37 37 16 15 
24 60 37 31 37 28 0 0 7 4 0 0 8 22 38 39 1 10 10 34 16 0 0 24 24 38 0 3 0 0 0 20 11 5 10 16 44 46 42 24 
42 68 29 30 9 0 0 0 0 0 0 4 32 40 58 22 3 5 5 18 9 0 0 0 15 19 7 23 2 0 8 12 7 0 13 14 31 35 30 22 
60 38 13 0 0 0 0 0 0 6 3 29 56 55 29 10 0 0 0 15 0 0 0 0 0 0 10 14 25 0 13 0 0 5 11 12 18 24 18 20 
38 16 17 0 4 13 0 0 16 23 0 26 30 23 3 4 0 0 6 0 0 0 0 0 15 2 0 0 17 23 0 0 3 12 10 8 21 30 31 34 
16 24 24 18 7 16 0 6 28 29 0 3 0 0 0 0 0 0 0 12 0 0 0 9 29 6 0 0 0 11 0 0 19 7 0 4 24 36 44 48 
36 66 18 0 16 2 3 10 16 37 12 1 21 20 4 0 0 4 18 24 7 6 2 9 27 0 0 0 3 13 7 12 20 0 0 14 39 48 41 42 
56 49 16 5 0 0 0 0 8 38 44 12 31 22 0 1 19 0 38 34 17 0 0 2 11 0 0 2 25 21 14 18 20 2 8 24 54 60 38 36 
47 43 21 2 0 0 0 2 33 32 50 14 25 13 0 18 24 19 33 23 0 0 0 0 8 12 3 3 28 13 17 22 20 4 6 18 42 54 47 53 
38 48 12 0 0 0 11 17 44 25 39 20 25 22 10 23 31 22 13 0 0 0 0 11 13 14 0 16 12 7 18 28 16 13 0 12 30 48 56 70 
30 36 0 5 6 10 31 22 38 9 39 22 17 14 0 15 18 1 0 0 0 0 0 0 10 6 3 10 10 6 11 23 23 21 0 25 51 58 57 61 
22 31 0 21 12 21 42 12 21 0 58 4 0 0 0 0 0 0 0 0 0 0 0 0 0 3 0 0 5 4 4 18 26 36 19 38 72 68 58 52 
29 31 2 24 3 23 43 11 13 17 45 17 15 4 0 4 0 0 3 0 0 11 11 20 26 20 11 23 16 1 3 13 15 36 25 41 79 77 65 61 
36 25 6 18 0 24 44 25 14 26 39 35 21 0 5 2 0 11 16 0 0 21 44 54 39 25 25 27 5 0 2 8 4 36 28 44 86 86 72 70 
28 22 5 21 1 24 38 28 8 26 51 38 2 0 2 0 0 16 0 5 4 13 29 39 23 12 20 0 0 4 8 19 20 42 38 53 75 73 65 63 
20 23 5 26 2 24 35 18 28 42 55 19 0 0 0 0 0 0 0 0 0 0 6 3 39 3 0 0 21 4 14 30 36 48 48 62 64 60 58 56 
25 24 12 29 10 21 35 10 31 39 24 0 10 1 0 0 0 6 3 0 4 8 14 0 14 0 2 18 45 4 24 29 34 45 50 59 69 70 61 63 
30 23 16 32 19 16 29 0 24 20 4 14 14 22 0 0 3 10 6 8 0 5 4 0 0 0 24 42 48 15 27 27 32 42 52 56 74 80 64 70 
28 20 17 38 24 21 24 0 14 13 22 10 13 15 0 10 6 3 1 0 0 0 0 2 5 19 17 38 56 35 14 25 34 43 45 44 65 75 97 75 
26 20 18 44 26 20 23 1 8 14 36 0 0 0 0 0 0 0 0 0 0 0 0 16 27 20 10 34 64 34 8 26 36 44 38 32 56 99 130 80 
38 52 26 29 22 23 23 0 13 24 30 0 25 17 1 0 11 12 0 17 1 3 4 20 30 9 19 27 45 38 23 43 45 42 39 45 80 136 117 62 
50 67 8 14 24 28 48 10 19 22 20 4 34 62 11 0 24 16 5 20 0 0 20 20 0 25 28 20 26 42 46 60 54 40 40 58 116 132 88 44 
41 30 0 22 15 23 44 27 34 29 31 22 23 42 16 0 11 12 3 0 0 3 17 27 5 34 16 20 39 47 50 60 58 52 46 54 132 134 88 46 
32 5 8 22 2 18 40 46 44 55 62 14 12 14 13 0 7 19 0 0 1 2 14 34 12 24 4 20 52 52 54 60 62 64 52 71 140 136 88 48 
26 1 13 12 5 16 29 32 48 61 71 1 25 31 16 17 10 10 0 8 0 0 11 26 21 4 8 24 43 46 54 58 57 61 75 74 146 128 74 39 
20 0 6 9 12 14 18 14 32 60 68 20 38 46 30 13 21 0 0 28 0 7 19 5 0 0 12 28 34 40 54 56 52 86 64 71 152 120 60 30 
19 0 10 22 18 22 24 16 42 56 68 32 22 37 0 0 0 8 3 14 6 6 4 0 0 16 26 31 38 37 43 56 71 106 82 88 115 104 64 28 
18 0 24 34 24 30 32 20 44 52 68 16 0 0 0 0 0 17 0 0 0 1 7 8 7 30 40 34 42 34 32 56 86 116 100 84 92 88 68 26 
15 11 27 21 13 22 23 18 44 58 60 0 4 21 17 10 23 25 0 9 7 12 12 0 9 33 46 41 38 35 45 60 80 118 85 90 97 128 82 37 
12 16 12 4 2 22 22 16 44 54 52 5 14 40 30 38 40 20 19 24 6 5 0 2 23 36 52 48 34 36 58 64 70 120 74 85 150 142 96 48 
21 14 8 13 17 32 24 21 40 53 34 22 16 31 23 28 34 28 32 1 0 0 7 25 27 33 54 48 42 40 46 60 72 122 85 106 136 152 82 38 
30 5 14 26 28 32 29 26 46 44 28 26 18 22 16 18 20 30 29 0 0 5 25 31 19 30 56 48 50 44 34 56 75 125 128 99 128 136 68 28 
24 3 26 18 33 44 34 21 47 46 25 17 10 26 21 19 22 25 20 0 0 4 23 22 24 37 54 47 46 49 43 55 95 126 118 81 102 116 72 37 
18 10 17 11 51 56 26 18 51 39 19 2 2 30 26 20 24 20 17 0 0 1 23 29 39 44 52 44 42 54 52 51 91 124 100 68 104 100 74 46 
20 4 9 41 52 30 8 26 47 18 15 4 6 28 25 30 46 40 37 30 11 6 31 35 42 50 56 48 50 60 48 62 98 104 92 78 106 108 64 35 
22 0 24 51 22 12 6 32 32 8 27 12 10 26 24 40 68 60 54 50 32 10 38 36 40 56 60 52 58 66 44 62 104 84 84 88 108 116 48 24 
13 5 26 22 5 11 8 24 21 26 18 12 9 16 15 32 43 39 47 40 24 21 38 35 43 53 51 48 59 73 67 62 100 90 100 81 109 126 70 31 
4 0 12 0 16 7 4 20 16 44 4 9 2 6 6 24 18 18 40 30 12 28 38 34 46 50 42 44 60 80 90 97 89 120 116 80 106 125 89 38 
14 10 21 23 18 5 25 29 44 36 17 9 0 22 18 27 30 21 29 34 23 26 40 36 46 59 50 44 61 78 120 96 87 113 91 94 112 99 57 23 
24 23 40 25 8 31 57 39 41 28 25 2 8 38 30 30 42 24 18 38 34 24 42 38 46 68 58 44 62 93 124 78 90 100 82 104 96 64 28 8 
20 25 3 42 28 56 53 25 11 40 26 0 19 27 26 43 41 21 23 30 24 29 41 32 44 67 61 48 64 130 104 70 85 102 84 63 108 64 33 10 
16 35 9 40 67 49 36 24 10 41 37 4 24 14 22 56 40 18 28 18 14 34 40 26 42 66 64 52 100 120 84 68 85 104 81 44 108 88 17 12 
15 43 32 41 58 41 30 18 9 23 34 6 17 22 22 32 27 21 35 24 19 31 54 45 49 75 60 46 95 123 112 96 100 102 73 58 111 50 0 17 
14 48 20 41 40 40 21 8 9 18 30 2 16 32 11 8 14 24 42 42 24 28 68 64 56 84 56 40 92 126 137 124 112 100 71 71 90 18 7 22 
24 48 10 38 28 41 26 7 7 26 28 0 17 21 1 21 19 21 39 45 40 39 54 50 47 79 64 73 119 128 119 124 109 85 66 64 50 0 7 17 
34 43 0 28 43 40 22 2 12 32 24 0 18 1 4 34 24 18 36 48 56 50 40 36 38 74 107 87 127 120 83 128 124 62 56 40 20 0 7 12 
24 23 4 24 49 36 18 2 16 23 24 0 18 7 8 25 24 26 44 49 48 52 64 53 48 105 120 87 129 94 48 118 120 72 64 33 24 9 24 19 
14 18 14 26 43 32 8 4 20 14 24 0 18 32 4 16 24 34 52 50 40 54 88 70 58 152 96 92 116 68 52 102 116 82 72 31 24 14 44 26 
22 19 19 14 37 6 26 12 10 19 26 4 10 20 4 22 34 42 52 52 50 52 70 67 58 138 118 98 144 94 58 89 112 72 54 16 15 18 26 21 
30 20 9 4 31 10 35 3 0 24 32 2 2 8 4 28 44 50 52 54 60 50 52 64 88 141 136 101 149 115 45 73 108 62 36 8 12 9 8 16 
17 0 2 16 35 13 30 0 7 12 33 3 1 7 3 23 30 33 42 53 59 53 65 106 116 146 117 106 132 68 49 63 98 47 20 4 7 0 14 17 
4 0 16 30 35 12 15 5 14 10 22 0 0 6 2 18 16 16 32 52 58 56 97 152 116 144 96 104 100 48 69 55 67 35 4 0 0 2 20 18 
9 7 20 6 40 13 19 32 16 0 10 0 2 12 9 23 22 24 31 45 55 63 112 138 86 133 116 116 128 72 73 54 40 21 0 16 12 12 17 21 
14 12 6 0 43 15 36 43 0 0 2 0 4 18 16 28 28 32 30 38 88 79 111 124 84 96 116 122 156 96 61 55 25 13 7 32 19 12 14 24 
13 10 5 10 46 22 34 12 0 0 0 0 9 23 30 44 42 47 52 90 98 79 108 116 77 95 104 106 130 82 56 34 2 0 32 39 16 7 15 17 
12 12 16 10 39 26 21 0 2 1 0 2 14 28 44 60 56 62 79 140 92 76 104 108 64 92 92 88 104 68 48 4 0 22 54 41 0 3 15 10 
27 31 18 12 31 19 0 0 3 0 2 1 15 36 42 46 46 57 108 122 80 52 112 114 86 108 104 88 94 58 24 0 7 17 36 38 0 4 19 16 
42 42 9 5 17 3 0 8 0 0 0 0 16 44 40 32 36 79 116 104 68 50 98 120 108 117 111 87 82 47 5 3 6 10 18 34 15 10 24 22 
34 14 0 1 6 0 8 13 8 0 2 11 20 26 33 42 55 72 117 128 88 64 95 126 118 114 92 73 60 17 0 3 3 8 16 23 13 13 17 17 
26 0 0 0 0 7 14 16 22 0 0 17 12 16 41 76 69 79 111 131 101 64 96 123 128 104 72 54 36 3 1 0 0 6 14 12 2 10 12 12 
17 3 7 0 5 16 24 27 18 0 12 15 17 56 74 79 58 75 115 109 72 66 114 124 110 88 59 32 24 0 9 13 8 8 22 22 12 8 14 10 
8 17 9 3 13 22 34 38 7 16 21 9 31 87 95 56 52 82 108 80 64 81 124 116 92 75 45 16 14 2 26 39 0 10 30 32 18 6 16 8 
13 18 20 13 19 25 25 38 26 34 7 20 45 69 90 79 70 86 84 84 76 84 114 118 94 56 18 2 2 11 26 32 11 24 38 36 21 14 19 11 
18 16 37 37 27 20 16 38 52 31 7 45 45 53 108 88 72 79 60 88 87 76 104 118 96 32 0 0 0 20 26 22 34 38 46 40 24 20 17 14 
15 21 47 31 11 7 22 36 54 55 34 44 37 75 120 77 77 81 87 94 99 92 98 96 74 19 0 0 4 27 38 29 27 25 26 33 17 10 8 8 
12 28 32 17 0 10 28 34 63 79 94 22 49 120 109 66 90 90 92 120 109 96 86 65 51 17 0 0 6 34 50 36 20 9 6 17 4 6 1 2 
11 33 33 12 5 23 32 54 100 88 94 28 82 106 82 69 106 88 71 118 101 78 66 53 27 13 6 3 14 32 33 31 21 11 17 22 8 13 15 15 
10 32 36 24 31 32 36 73 136 80 100 45 77 72 72 93 108 78 60 114 84 54 48 55 14 11 17 6 22 30 16 26 22 14 28 30 9 20 34 28 
18 51 51 44 38 37 47 87 100 108 124 42 63 76 78 78 90 100 68 107 61 39 28 42 12 8 11 7 15 35 25 18 20 11 14 18 3 16 28 15 
26 46 104 84 32 49 60 88 106 129 125 19 67 85 67 56 72 96 103 96 44 20 8 16 27 0 2 14 8 40 34 10 18 0 0 11 3 12 12 2 
21 55 84 55 48 64 67 96 118 130 97 0 62 107 67 80 92 80 88 82 29 6 14 36 24 1 9 12 5 26 28 21 23 5 17 23 6 11 12 3 
16 61 68 52 64 68 72 91 120 116 92 1 65 112 92 123 77 59 60 60 47 0 20 42 29 0 8 4 2 12 22 32 28 26 34 33 0 11 14 4 
23 73 72 60 58 98 100 89 112 126 86 5 62 120 101 91 38 33 48 60 34 0 44 40 5 0 15 17 6 18 20 26 40 28 21 21 3 14 19 9 
30 76 76 68 76 114 128 80 98 136 80 13 62 120 74 61 11 12 36 60 49 20 46 15 0 8 30 34 4 24 18 20 42 7 8 24 21 16 25 14 
26 78 87 91 118 126 116 81 79 130 92 22 55 112 58 66 29 22 46 58 58 20 19 0 1 23 32 20 7 27 30 28 29 4 28 17 25 27 15 13 
22 97 115 118 130 122 104 89 73 117 104 31 52 81 76 71 56 31 47 56 51 0 0 3 14 38 16 4 18 30 42 34 14 22 48 4 28 19 1 12 
41 128 114 80 101 132 112 80 57 123 104 49 55 82 62 22 72 22 40 39 19 0 2 12 13 21 15 5 14 29 39 38 15 16 34 17 14 10 0 8 
60 128 83 65 80 140 120 64 67 119 104 55 58 60 26 20 47 31 36 19 0 1 15 8 0 4 28 4 10 28 55 27 14 10 20 19 5 5 0 4 
49 121 98 72 85 109 102 97 93 119 96 60 51 37 15 16 49 30 22 3 0 19 5 8 3 19 25 8 21 47 50 7 10 6 25 12 11 6 7 22 
38 124 108 72 76 92 123 124 102 99 96 59 33 22 28 14 32 21 8 0 4 22 10 4 18 34 16 16 32 49 28 0 13 2 30 8 31 4 28 40 
52 138 102 72 97 119 136 120 85 73 76 41 11 7 16 0 30 10 6 1 14 24 16 26 18 33 35 28 17 33 29 10 7 11 21 10 34 25 30 32 
66 136 96 91 114 119 148 107 56 54 56 12 0 4 0 0 28 9 0 4 26 29 25 48 18 32 49 23 2 24 43 10 4 20 10 12 34 44 32 24 
71 141 119 110 121 105 117 110 52 48 33 0 4 4 0 4 18 0 0 9 22 37 15 40 13 20 34 7 5 21 34 15 7 12 18 7 43 47 40 33 
76 160 153 100 116 86 125 86 40 40 12 0 0 5 0 7 1 0 5 8 24 35 2 32 0 8 19 12 8 25 25 11 3 4 32 2 52 50 48 42 
71 152 116 87 100 80 96 50 12 27 6 0 0 4 0 6 0 2 1 10 36 34 5 14 0 6 15 15 18 30 16 5 0 13 31 25 58 52 43 39 
66 156 116 116 80 44 64 28 24 16 4 0 0 4 0 5 0 0 0 12 48 34 0 0 0 6 16 21 25 26 9 3 6 22 30 48 64 54 38 36 
65 140 118 108 66 56 59 25 42 16 12 2 0 4 0 7 0 8 8 20 38 34 0 6 5 14 22 19 26 22 7 0 17 23 17 42 69 60 42 39 
64 137 111 103 57 68 55 32 54 13 8 0 4 0 0 8 7 20 16 18 26 18 12 28 5 20 22 16 28 19 6 7 28 20 4 36 74 66 53 42 
59 124 80 100 53 60 48 22 52 3 0 5 12 1 6 14 20 24 12 12 25 30 7 10 10 16 22 44 40 12 0 11 35 36 23 49 72 65 82 43 
54 100 64 92 76 52 35 16 44 28 3 12 7 4 24 20 27 17 0 10 21 22 28 4 8 9 17 72 52 0 3 14 42 50 42 62 71 87 92 44 
62 107 78 104 74 56 23 19 54 22 5 7 2 2 25 36 18 0 0 17 20 4 9 7 3 14 9 74 56 0 16 28 52 71 42 65 70 112 74 36 
70 95 92 117 76 49 16 28 58 16 0 4 10 1 22 39 4 4 8 10 3 0 0 0 7 20 1 76 60 8 28 42 63 100 42 68 70 97 56 28 
64 82 100 112 94 30 11 36 62 14 0 5 3 0 28 28 0 12 0 0 0 4 0 1 6 11 7 70 76 32 27 34 78 98 42 56 60 65 82 32 
58 99 108 96 80 60 10 44 46 18 0 0 0 1 33 11 0 0 0 7 0 3 5 0 4 8 8 64 92 56 16 40 84 94 36 44 50 67 102 36 
69 97 96 91 88 52 6 46 35 2 6 7 1 16 27 0 8 12 2 20 2 0 13 2 17 20 25 90 102 60 28 68 94 78 28 48 59 80 76 20 
80 99 84 96 96 35 12 48 21 0 10 2 9 20 17 2 14 32 21 0 7 0 5 0 14 55 53 116 112 64 59 81 87 60 33 52 68 69 44 4 
70 79 100 94 76 26 5 11 27 3 0 0 9 21 9 2 13 39 58 11 18 0 26 24 0 82 58 122 134 88 60 50 100 78 44 37 49 44 37 4 
60 88 97 74 51 10 0 7 2 0 0 0 10 20 0 2 12 46 111 28 8 0 8 66 10 85 70 128 156 112 52 59 98 96 44 22 30 38 24 4 
60 84 96 63 29 4 0 3 0 0 3 0 4 18 11 10 8 28 57 10 0 0 34 69 17 92 93 144 150 108 68 78 88 76 34 28 39 37 11 8 
60 72 79 53 12 0 0 0 0 0 0 0 4 16 35 3 0 8 0 0 20 13 50 80 48 85 109 160 144 96 84 80 72 60 36 34 48 31 1 12 
42 59 72 54 14 0 13 11 3 2 3 10 11 18 30 5 8 19 21 36 25 33 67 95 68 78 109 142 136 116 80 58 92 74 32 19 37 42 2 15 
24 56 59 36 13 4 24 34 0 1 16 17 9 19 20 22 22 39 41 53 41 62 75 92 66 68 122 124 128 128 64 24 109 80 20 4 26 60 31 18 
25 54 37 13 0 13 20 24 0 10 16 19 2 29 24 30 53 62 56 52 53 74 83 98 70 70 106 144 132 114 56 20 82 79 16 3 26 41 25 21 
26 36 12 5 3 20 16 13 14 16 10 15 7 39 28 50 95 65 57 51 60 89 102 111 66 72 104 144 136 100 66 22 52 76 0 2 26 22 10 24 
20 30 10 3 5 12 10 7 18 5 3 8 14 47 50 84 94 52 63 63 58 108 110 95 46 70 105 124 105 84 48 0 32 69 0 8 17 31 20 13 
14 24 8 4 4 2 2 0 10 3 0 7 23 71 77 101 80 55 77 73 62 105 96 81 43 68 101 91 80 68 32 0 26 68 5 1 8 40 31 2 
26 26 12 2 5 12 12 9 11 1 6 12 28 96 120 95 89 62 73 70 55 99 86 76 37 55 83 83 73 48 18 4 21 19 7 0 16 33 20 4 
38 14 8 0 8 28 28 8 5 0 22 14 51 142 129 96 82 57 60 76 58 82 71 66 28 42 50 92 76 28 15 8 2 0 0 6 24 15 8 6 
24 10 0 6 21 36 10 2 10 15 34 45 106 148 110 89 53 63 76 98 54 59 76 68 40 51 33 71 82 38 13 0 3 4 1 13 21 4 8 12 
10 6 1 12 33 24 0 14 28 30 46 77 136 144 88 80 53 80 93 95 38 57 82 72 59 59 24 65 61 38 4 2 9 0 0 16 8 4 10 18 
26 9 3 17 23 19 6 24 36 47 102 80 121 164 116 93 67 85 79 76 34 73 82 68 54 40 7 52 47 14 0 4 1 0 18 12 16 10 12 23 
42 12 0 20 16 20 12 34 52 109 129 81 129 174 131 95 61 77 60 75 52 86 63 48 37 24 10 46 22 0 0 2 4 25 26 1 21 14 14 28 
27 0 9 14 38 30 28 47 89 124 121 70 129 153 96 79 57 71 65 86 46 65 35 27 28 17 7 26 15 0 11 6 6 29 29 0 23 10 9 19 
12 8 18 18 47 40 48 74 105 116 103 63 124 124 68 83 65 74 69 67 16 52 21 11 19 10 4 18 17 0 36 2 8 32 22 1 18 2 4 10 
22 13 18 32 49 64 78 92 103 103 92 59 98 121 108 86 55 59 42 23 7 54 25 0 14 6 5 7 2 9 31 0 11 27 31 0 2 0 3 7 
32 9 22 46 56 89 108 88 96 92 80 57 103 86 148 84 16 56 5 4 18 49 18 0 8 0 0 0 0 22 12 0 14 22 30 0 0 0 2 4 
27 14 33 45 58 78 96 102 92 92 100 68 90 79 94 70 23 65 0 26 24 27 2 4 0 0 2 12 7 19 15 0 13 10 13 0 0 0 6 4 
22 35 44 42 46 60 84 116 88 92 120 68 72 69 64 48 40 69 0 46 14 3 2 0 0 0 13 18 8 10 20 5 0 0 0 0 11 2 8 4 
27 34 29 41 36 49 104 120 104 108 108 76 71 49 82 44 21 43 15 34 5 0 2 0 0 8 16 19 5 23 23 0 0 0 0 16 2 1 11 17 
32 13 14 46 62 52 109 124 120 124 96 75 61 36 87 28 4 51 12 20 0 0 2 0 4 22 17 4 0 36 34 0 1 10 1 3 0 6 20 30 
27 11 28 51 92 56 92 130 124 138 106 66 56 40 59 26 18 29 6 5 0 0 4 3 5 9 9 2 0 25 14 3 0 0 0 0 10 11 14 26 
22 28 42 65 97 56 80 134 115 149 116 63 54 44 39 21 21 4 4 0 0 4 0 3 0 0 1 11 0 0 0 0 0 0 0 2 20 13 8 22 
20 23 32 79 89 56 92 134 114 123 110 47 44 33 34 3 6 9 0 3 5 5 0 2 0 0 2 8 0 0 0 13 6 1 0 14 24 13 4 16 
18 12 34 93 80 65 102 132 108 115 88 28 36 19 1 20 0 3 0 0 25 0 0 0 0 0 3 4 5 0 8 26 4 0 11 26 23 0 0 10 
33 30 66 102 78 80 103 110 114 100 43 0 37 22 0 0 0 0 0 1 15 0 0 2 6 5 4 3 3 0 7 17 3 4 11 16 15 0 1 14 
48 44 85 105 73 84 88 88 120 72 0 0 39 7 0 0 2 1 0 0 0 0 7 19 10 0 0 0 0 5 4 8 3 10 3 6 16 0 2 18 
41 41 83 96 74 94 108 61 111 79 39 8 26 0 0 0 6 0 0 0 0 0 16 14 0 1 8 6 6 8 7 25 7 7 0 11 19 0 1 19 
34 44 75 84 64 68 156 99 96 93 40 6 4 7 0 5 0 0 0 0 0 6 15 0 6 22 11 2 8 10 16 33 12 0 0 16 21 0 0 20 
38 60 90 98 50 106 134 122 90 24 20 0 7 0 0 0 0 0 0 0 6 16 4 0 4 20 4 0 6 7 10 16 2 0 10 9 24 12 17 30 
42 80 113 107 66 122 108 58 60 20 0 0 0 0 0 0 0 0 0 1 17 8 0 3 2 10 0 0 1 4 1 0 0 15 13 2 20 42 34 40 
56 98 106 86 49 101 50 67 33 6 0 9 6 3 0 0 0 2 6 9 9 0 3 1 5 17 12 0 0 6 9 0 8 9 15 12 30 46 42 49 
70 83 68 76 34 49 70 42 16 2 3 24 4 10 0 0 9 5 6 0 0 0 4 2 8 22 25 0 3 8 15 2 12 2 20 22 40 50 50 58 
59 89 86 56 44 36 58 27 4 0 4 12 6 4 0 0 12 3 3 0 2 8 10 6 7 17 22 0 17 18 21 18 17 14 25 23 48 55 38 45 
48 115 102 36 48 27 36 9 0 4 4 0 8 0 0 7 6 0 0 7 9 16 12 2 6 15 14 19 32 28 24 38 22 26 30 24 56 60 26 32 
65 118 88 48 46 12 38 5 2 4 7 0 14 5 0 1 0 0 2 8 7 12 5 0 11 20 30 34 27 27 25 32 29 34 35 35 56 54 29 41 
82 96 65 50 34 0 35 8 0 4 8 10 12 4 0 0 0 0 0 4 4 9 4 2 16 25 49 40 22 26 26 26 34 42 40 46 56 48 32 50 
66 81 47 34 5 5 44 0 2 10 6 5 8 2 1 0 5 0 2 16 9 12 4 11 20 20 60 46 25 29 22 32 39 38 38 45 61 48 26 37 
50 123 15 8 3 14 29 2 14 12 4 1 0 0 3 2 15 6 14 25 3 11 12 20 24 20 60 52 26 24 18 38 44 34 36 44 66 48 20 24 
55 102 36 1 12 11 15 0 10 1 2 6 0 4 6 5 10 9 9 28 12 17 11 15 31 33 64 60 27 27 27 41 48 41 39 43 66 51 18 45 
60 64 6 0 13 0 8 0 0 0 0 18 0 10 0 4 4 5 4 43 45 3 0 10 38 62 68 68 30 38 36 44 52 34 38 42 66 58 40 66 
45 25 0 12 13 1 16 7 3 2 0 26 0 6 0 5 10 4 24 50 40 3 5 28 62 75 73 68 29 39 36 47 57 45 50 40 57 53 37 51 
30 15 20 24 14 5 24 6 2 0 0 34 0 0 4 7 18 0 44 56 42 2 22 46 64 68 100 68 28 40 36 50 62 65 60 38 48 38 32 36 
25 14 12 12 10 1 9 0 0 0 0 16 2 1 13 16 10 8 34 54 46 19 29 51 77 92 102 70 33 42 40 52 63 54 35 33 44 37 30 35 
20 0 0 0 0 0 0 0 5 0 0 0 0 14 18 13 8 16 24 52 50 28 36 56 89 130 104 70 38 44 44 54 50 14 28 28 40 46 32 34 
15 0 7 2 9 9 0 8 10 5 3 0 11 24 17 19 10 10 28 47 42 24 40 69 105 121 104 54 27 41 38 45 33 9 47 29 36 41 32 25 
10 8 15 5 22 11 6 23 4 0 9 4 20 34 16 21 3 4 32 42 34 32 61 97 93 85 104 36 16 38 32 32 30 38 52 24 32 30 20 16 
6 5 18 13 21 12 11 13 0 2 10 9 13 19 13 13 0 15 36 47 53 67 82 87 68 76 72 11 16 31 27 33 33 46 28 10 26 33 10 12 
2 2 20 28 27 16 14 10 5 0 11 0 6 4 10 14 12 26 40 52 86 88 74 64 56 59 40 0 16 25 24 34 39 28 4 2 20 42 10 8 
9 5 32 32 22 7 10 7 0 2 3 2 8 21 30 36 23 34 52 79 118 68 39 34 36 59 44 14 13 33 23 26 25 9 4 7 22 38 16 4 
16 8 38 20 16 13 10 4 0 1 3 12 10 38 50 58 34 42 64 101 120 42 16 24 16 59 48 28 8 32 18 18 12 7 11 12 24 34 4 0 
11 4 30 17 20 10 5 2 0 0 6 13 17 51 59 58 42 42 52 89 90 36 36 38 34 58 58 28 18 44 18 17 22 13 8 19 41 50 8 1 
6 0 23 20 24 1 0 0 2 1 6 10 27 64 68 58 50 42 40 63 57 65 53 29 41 69 63 36 40 56 11 16 38 17 6 26 58 66 23 2 
3 14 24 26 18 0 6 9 7 4 12 23 38 58 63 62 45 42 57 68 70 58 33 40 46 81 65 13 46 50 14 15 23 5 6 19 40 52 24 10 
0 27 24 27 12 9 15 12 8 12 18 36 49 52 58 66 40 42 63 72 80 36 28 75 52 75 61 0 48 44 12 10 0 0 6 12 22 38 28 18 
3 19 23 23 10 12 10 9 16 20 26 44 56 67 61 59 46 53 85 67 67 78 70 74 50 47 39 11 58 66 8 5 9 9 6 22 32 34 21 11 
6 12 24 16 12 10 4 12 24 26 34 52 63 82 64 81 69 64 105 73 56 99 91 55 38 33 42 28 35 75 20 4 26 14 6 32 42 30 11 4 
7 29 32 19 16 7 4 15 36 35 35 53 60 68 89 96 74 64 92 48 56 87 56 39 31 27 39 20 21 47 4 9 24 19 8 18 31 35 20 11 
8 43 39 19 18 2 4 18 48 44 36 54 57 98 84 102 67 52 69 31 58 63 32 36 24 21 32 5 10 24 0 14 22 20 10 4 20 40 36 18 
12 45 33 33 14 0 15 26 47 46 48 74 63 114 87 95 50 42 58 36 44 39 41 28 25 25 24 0 7 14 6 10 12 11 4 17 30 38 33 11 
16 44 40 31 3 6 26 34 46 51 89 79 62 116 76 78 36 36 55 29 30 44 39 13 26 29 15 0 0 14 5 2 2 2 2 30 40 36 30 4 
13 55 42 7 0 24 41 45 47 92 96 89 66 108 65 57 20 26 40 13 26 31 14 0 23 16 5 0 0 7 0 3 14 13 8 21 41 47 37 20 
10 62 26 0 28 42 56 56 58 100 106 94 66 98 42 24 4 13 31 0 24 4 0 0 20 2 0 0 0 0 0 8 26 24 14 12 42 58 44 36 
25 54 15 22 39 64 53 62 80 116 106 80 49 45 20 5 21 20 21 7 12 4 0 8 12 1 0 0 0 0 6 14 24 26 16 20 40 47 45 19 
40 33 22 38 65 69 50 73 120 104 86 54 22 9 8 20 36 5 12 16 1 4 1 10 4 6 0 1 0 7 10 20 22 28 24 28 38 36 41 2 
45 43 48 53 73 75 62 95 102 64 51 32 1 7 24 22 14 0 18 10 2 1 9 16 2 5 0 14 22 13 13 26 28 31 26 15 29 31 20 3 
50 66 53 56 83 84 75 90 60 24 28 16 0 25 20 3 5 18 16 5 4 2 17 13 0 0 0 33 44 21 17 32 34 24 13 2 20 26 2 4 
56 61 27 55 83 73 61 54 14 10 24 18 8 13 13 0 21 14 2 2 4 9 16 6 0 1 0 25 53 22 19 16 20 8 0 6 27 33 9 7 
62 40 0 58 72 48 32 19 2 24 20 13 7 0 14 1 17 4 1 6 7 14 16 0 4 0 1 36 40 8 12 0 6 2 0 10 34 40 20 10 
51 17 18 58 65 44 26 14 10 17 6 0 0 4 14 13 17 2 1 10 15 11 3 0 0 0 7 26 13 29 22 3 5 2 2 16 33 34 22 18 
40 0 14 56 61 37 22 7 1 0 0 0 0 4 12 24 18 8 1 14 10 3 0 0 0 0 17 12 6 39 32 0 2 2 6 22 32 28 24 26 
28 0 14 52 52 28 8 0 0 8 1 0 11 7 8 18 10 14 2 8 3 0 0 0 0 0 11 21 20 48 36 0 3 8 4 20 33 30 27 32 
16 0 8 48 39 12 0 5 6 15 3 6 4 17 4 10 0 15 0 0 0 0 0 0 0 0 3 32 34 76 28 0 5 10 4 18 34 32 30 38 
15 8 0 36 23 8 4 5 11 12 0 7 11 3 11 10 8 6 0 8 9 1 7 0 14 25 16 31 64 46 0 2 16 16 18 20 36 39 33 32 
14 0 0 24 8 4 11 0 14 11 0 6 24 2 12 7 8 0 10 14 14 14 18 4 34 44 12 30 67 4 0 29 26 22 26 22 38 46 36 26 
20 10 7 16 9 15 14 6 10 9 7 13 21 1 11 9 0 3 12 16 10 9 16 5 33 42 4 16 32 25 6 18 30 37 16 23 39 33 39 36 
26 22 24 10 21 26 10 7 6 6 17 20 10 4 10 4 0 6 14 18 4 2 6 7 37 24 3 0 20 55 0 6 35 41 7 24 40 20 42 46 
18 15 0 3 19 21 0 0 12 19 12 19 3 0 7 0 6 6 16 20 11 19 19 6 23 24 0 16 38 56 0 16 40 32 11 25 45 38 37 27 
10 0 3 5 9 10 2 0 18 32 7 10 0 0 0 4 12 6 18 22 20 36 34 1 14 16 6 32 61 52 4 26 28 24 22 26 50 56 18 8 
9 10 3 0 21 11 4 1 15 17 8 4 0 0 1 5 11 4 17 25 18 24 28 3 18 50 18 20 59 54 5 26 31 24 30 17 46 44 11 15 
8 12 6 2 35 12 0 2 12 2 8 0 0 0 7 5 8 2 16 28 16 12 24 11 14 81 24 16 61 52 5 26 43 17 27 8 42 32 18 22 
12 14 0 0 18 11 0 3 12 13 10 13 4 0 14 14 13 14 33 40 25 28 37 32 32 78 42 40 70 30 3 21 38 13 20 6 35 32 19 16 
16 9 0 0 2 8 0 5 12 24 8 26 16 0 24 26 24 26 50 52 34 44 50 53 50 55 60 64 68 8 8 16 33 13 10 4 28 32 24 10 
8 0 4 4 11 11 10 10 11 14 11 18 19 4 18 19 21 27 43 45 33 32 44 40 27 52 50 90 96 21 18 26 29 16 8 7 34 25 30 10 
0 2 8 14 29 10 15 7 8 4 14 10 20 12 9 12 18 28 36 38 32 20 38 40 10 64 48 58 134 65 21 36 33 4 0 10 40 19 32 10 
9 10 9 7 37 7 7 0 8 17 28 14 18 34 42 25 13 25 31 28 23 15 49 38 18 51 24 36 93 60 15 32 29 0 8 15 35 26 36 6 
18 13 10 9 24 2 2 1 10 30 42 18 16 52 74 38 8 22 26 18 16 13 52 28 8 20 0 28 84 44 12 28 28 27 9 16 30 30 28 2 
11 9 9 12 13 0 9 13 26 38 48 36 28 49 61 41 26 29 32 26 21 13 43 29 6 39 32 60 101 22 9 24 29 33 0 17 33 32 15 14 
4 11 8 9 3 6 20 32 42 46 54 54 40 46 48 44 44 36 38 34 14 14 50 11 0 52 59 92 120 3 6 20 30 30 9 22 36 34 11 26 
7 8 4 7 0 17 30 39 50 59 62 52 33 50 71 49 43 43 34 35 39 27 53 24 5 53 74 68 100 6 5 11 19 35 28 22 35 38 18 18 
10 0 6 5 4 28 40 46 58 72 70 50 26 54 94 54 42 50 30 60 61 40 56 29 17 56 66 44 80 0 4 4 8 40 34 22 34 41 39 10 
13 12 15 11 28 30 38 54 65 63 66 56 38 55 81 61 45 44 49 84 46 27 49 30 28 52 43 60 94 4 16 24 31 34 19 18 32 33 17 11 
16 26 16 27 47 32 36 62 72 54 62 62 50 56 68 68 51 38 64 80 12 14 42 36 36 48 40 62 120 48 28 40 26 10 6 14 30 25 0 12 
19 28 22 34 74 38 42 62 71 58 60 65 55 64 69 66 45 53 60 52 33 29 64 44 34 50 40 47 103 42 19 25 3 7 11 12 29 25 0 18 
22 39 35 45 94 41 48 62 70 62 58 68 60 72 71 40 50 68 56 56 52 43 86 53 18 40 29 38 83 16 10 8 0 19 10 14 28 22 0 24 
18 37 26 50 88 33 54 71 74 62 47 58 56 57 58 43 42 57 54 54 42 38 51 36 15 32 29 37 68 11 7 9 11 12 5 22 16 6 14 26 
14 34 20 61 82 34 60 80 78 53 33 48 52 42 50 54 34 46 52 40 28 20 16 20 30 36 30 32 54 7 4 16 10 2 9 18 0 10 34 28 
26 43 39 86 80 30 43 63 65 49 39 43 42 44 42 30 33 48 53 40 17 11 24 11 30 46 40 18 18 2 5 11 6 5 14 8 3 14 29 15 
38 53 43 92 76 14 26 46 52 48 46 38 32 46 32 6 34 50 54 52 10 15 32 24 34 25 25 0 0 0 6 6 7 8 15 0 10 19 8 2 
35 45 40 71 71 15 37 49 49 49 43 48 38 34 15 27 46 53 53 52 28 34 37 25 25 14 12 0 3 1 9 7 12 13 12 1 16 14 6 1 
32 34 38 69 64 28 48 52 46 50 40 44 28 22 34 48 58 56 52 52 52 39 31 24 15 0 7 0 0 6 12 8 16 18 4 8 22 7 0 0 
33 30 38 72 50 15 34 42 40 35 31 23 14 26 33 41 33 38 38 39 34 24 12 7 0 0 0 1 0 4 12 20 18 17 4 6 22 20 9 0 
34 21 32 68 32 4 20 32 37 18 16 6 16 30 28 11 12 20 24 26 16 0 0 0 0 0 0 0 0 0 12 32 20 16 7 4 22 36 29 0 
26 11 39 74 56 8 14 35 34 13 15 17 20 35 29 9 24 21 18 24 16 2 10 11 12 0 0 6 0 7 18 33 22 17 10 9 16 26 27 10 
18 14 50 69 80 12 8 40 24 10 28 34 24 40 27 6 29 12 12 22 20 27 31 17 0 0 11 17 0 12 24 34 23 14 11 11 10 16 22 20 
29 25 54 82 57 8 19 41 36 22 28 29 17 25 19 3 23 9 16 21 14 27 36 26 0 13 25 20 0 16 30 35 27 19 11 17 24 34 40 11 
40 26 53 65 56 18 30 50 40 26 16 14 6 10 26 3 16 14 20 18 8 26 34 32 30 24 28 25 3 20 36 35 32 21 11 32 38 52 56 2 
31 13 50 48 54 14 20 53 28 11 10 12 10 19 15 23 26 12 19 18 13 25 39 35 34 34 27 21 0 15 38 41 37 13 19 39 38 51 47 7 
22 6 44 39 46 1 20 48 8 4 16 20 18 23 4 44 30 0 20 24 18 24 44 38 22 40 44 9 0 17 40 50 42 10 35 45 38 50 18 12 
26 29 46 34 33 0 26 38 14 6 13 17 22 19 7 27 21 4 28 12 14 26 40 32 27 47 45 22 9 37 54 59 51 13 40 46 39 51 9 10 
30 42 33 25 18 5 32 28 15 7 12 14 26 6 10 10 9 22 13 0 10 28 36 26 32 54 46 34 58 65 68 63 46 9 40 48 40 52 6 8 
28 35 21 18 15 14 41 24 12 5 18 14 11 4 15 10 21 14 0 10 15 24 33 28 37 60 54 44 58 54 56 67 69 45 50 48 47 52 0 26 
26 27 17 16 18 24 42 18 8 4 19 0 0 24 16 11 24 1 8 20 20 20 30 30 42 66 62 54 58 40 44 66 80 82 60 48 54 60 13 44 
17 20 28 2 15 20 23 11 10 10 14 1 21 21 11 16 13 0 13 27 23 26 39 40 35 52 62 56 60 48 49 69 75 72 61 52 59 56 43 42 
8 24 4 0 15 5 12 14 13 16 12 16 31 0 10 23 0 8 14 34 26 32 48 50 28 38 62 58 62 56 54 72 70 62 62 56 64 52 42 40 
7 8 0 6 9 0 19 20 8 7 24 22 9 4 11 32 9 9 15 28 27 35 35 36 36 52 67 63 72 66 61 78 78 66 62 65 78 71 55 35 
6 0 2 1 4 10 26 13 0 13 27 11 0 28 7 39 20 6 16 22 28 38 22 22 44 66 72 68 82 76 68 84 86 70 62 74 92 90 68 30 
13 11 0 1 19 16 19 5 13 22 16 13 18 23 6 25 7 6 19 11 25 36 40 48 45 63 82 77 85 76 71 91 88 76 67 72 90 82 58 36 
20 9 0 16 23 8 4 28 29 15 10 28 19 2 0 14 11 9 12 0 22 34 58 74 46 60 92 86 88 76 74 98 90 82 72 70 88 74 48 42 
22 13 11 26 14 0 15 18 31 13 12 32 3 7 7 20 12 7 2 6 33 41 43 53 46 67 92 84 92 83 75 99 99 84 73 73 82 78 59 35 
24 25 17 22 1 2 22 8 25 15 14 28 2 26 7 20 1 3 1 12 44 48 28 32 46 74 92 82 96 90 76 100 108 86 74 76 76 82 79 28 
21 15 9 1 0 5 8 19 26 10 19 23 6 18 11 16 1 9 10 19 38 42 38 47 57 84 98 91 104 89 76 101 98 77 56 56 74 78 94 17 
18 20 0 0 0 1 0 32 24 8 24 19 7 6 17 18 14 15 18 26 32 36 48 62 68 94 104 100 112 88 76 102 88 68 38 36 72 87 48 6 
28 34 4 1 6 3 6 17 40 28 34 14 3 8 27 14 20 20 15 29 43 44 48 51 58 87 91 81 95 81 65 79 79 69 46 43 54 71 42 5 
38 20 2 13 17 0 4 6 30 63 44 8 4 12 32 13 26 28 12 32 54 52 48 40 48 80 78 62 78 74 54 56 70 70 54 50 44 49 27 4 
48 31 1 15 20 0 19 14 18 29 60 34 24 36 40 25 23 26 20 32 36 43 50 50 56 74 78 72 81 71 53 51 63 66 46 38 46 31 13 7 
58 0 0 16 16 31 20 1 12 40 69 55 48 46 40 25 18 27 28 24 18 34 52 60 64 68 78 82 84 68 52 46 56 62 38 26 38 16 11 10 
57 0 8 34 47 60 0 1 54 64 66 58 40 25 27 20 22 31 15 22 27 31 45 47 52 71 65 54 60 56 50 46 49 51 29 10 30 5 17 20 
56 0 19 62 83 33 0 29 86 80 55 52 18 10 22 28 28 20 2 28 36 28 38 45 40 74 52 26 36 44 48 46 42 26 6 6 28 0 26 30 
64 0 32 92 68 87 19 78 87 77 78 40 7 16 24 19 23 9 18 36 27 29 50 36 27 49 38 14 24 33 32 24 21 0 11 28 25 8 35 41 
72 0 47 100 66 122 23 84 92 94 69 17 9 22 14 10 21 19 34 32 18 30 44 17 14 24 24 8 12 14 4 2 14 1 42 36 12 16 44 52 
79 45 49 109 81 111 9 95 104 84 34 5 17 23 22 25 29 20 18 17 9 28 25 5 8 17 15 13 15 25 26 22 19 14 56 57 23 29 49 51 
86 46 43 107 147 93 21 119 91 53 17 12 20 24 42 40 14 2 2 8 4 24 6 0 2 10 6 24 18 44 60 42 22 38 68 72 35 42 54 50 
77 28 44 119 131 82 38 97 81 35 15 1 12 16 23 18 0 7 13 14 23 18 0 6 17 21 22 29 21 37 62 55 32 37 68 82 76 38 61 60 
68 43 54 98 126 87 23 68 65 23 0 1 6 4 4 4 9 27 20 21 21 4 4 18 32 32 38 34 24 30 64 68 42 48 66 102 92 34 68 70 
74 54 66 74 104 66 0 70 54 0 2 0 9 4 8 18 29 39 33 26 15 18 4 12 27 18 22 32 21 29 59 62 49 54 85 120 80 37 57 55 
80 38 39 55 85 40 12 72 40 0 0 6 12 6 12 32 46 48 42 28 0 50 0 6 22 4 6 30 18 28 54 56 56 76 106 116 68 43 46 40 
87 36 31 63 77 36 18 92 22 2 7 10 24 20 29 37 43 50 40 37 18 22 0 6 13 9 12 17 18 29 47 48 57 62 113 108 72 34 31 27 
94 38 42 68 67 42 90 112 40 40 8 14 36 32 46 42 40 52 56 37 15 0 0 6 4 14 18 4 18 30 40 63 48 63 79 100 76 8 16 14 
91 29 60 70 65 48 94 96 50 32 4 22 34 27 42 53 50 52 54 46 17 3 7 7 10 9 20 23 24 29 45 84 56 68 77 74 45 0 10 16 
88 43 65 71 64 40 82 80 60 24 10 30 34 22 38 64 60 52 52 46 38 1 9 7 14 4 22 45 37 28 58 86 60 64 68 48 16 0 4 18 
106 65 71 73 53 32 91 95 64 32 12 21 29 13 28 42 44 47 52 53 45 0 0 11 16 18 43 37 19 29 74 76 44 56 60 39 13 8 21 28 
124 65 64 71 42 41 114 110 82 40 1 12 16 8 18 20 28 42 52 60 58 10 0 13 20 32 49 4 16 30 79 64 24 48 52 59 28 22 38 38 
133 72 80 91 64 61 132 141 110 86 12 16 18 22 12 23 24 31 50 63 59 46 3 32 43 48 68 27 50 29 58 74 40 62 62 48 16 12 22 19 
142 178 106 117 75 60 140 176 102 66 36 5 20 30 8 26 20 20 48 66 60 70 54 56 66 64 74 76 39 20 34 59 76 73 72 30 0 2 6 0 
135 181 89 98 62 56 154 168 152 68 38 13 46 46 12 15 18 23 38 55 71 90 72 60 73 75 75 69 49 42 47 60 72 70 76 14 0 6 9 1 
128 169 137 92 68 67 165 151 133 65 40 41 61 27 0 4 16 26 28 44 82 110 84 64 80 86 76 62 56 64 60 65 68 64 79 21 3 10 12 2 
134 181 129 109 81 52 136 116 85 78 48 58 38 30 1 10 15 15 37 51 71 96 82 72 81 80 77 74 61 56 59 53 83 90 86 21 0 6 9 4 
140 179 122 132 76 22 99 114 28 86 56 20 39 47 0 0 8 4 46 58 60 82 80 80 82 74 78 86 66 48 58 58 82 116 92 26 2 0 6 6 
133 160 117 8 86 72 94 155 32 63 112 25 16 55 18 0 12 6 24 41 60 85 77 67 79 80 78 72 59 63 66 58 75 108 100 26 0 0 9 22 
126 166 100 68 103 57 84 175 17 21 112 40 30 48 10 12 4 0 2 24 60 88 74 54 76 86 78 58 54 78 74 89 66 74 92 39 0 6 12 38 
128 157 86 61 99 75 65 74 72 0 98 13 11 7 12 5 0 3 20 32 45 73 75 64 77 82 77 103 84 68 74 80 63 70 63 0 0 21 20 37 
130 155 68 19 153 102 28 12 58 38 50 4 0 0 0 0 16 17 38 40 30 58 76 74 78 88 105 110 80 61 77 74 52 45 21 0 28 35 28 36 
128 138 69 32 48 75 70 0 10 28 0 0 5 0 1 2 15 21 21 29 41 62 65 63 92 78 82 82 60 63 68 51 25 16 3 11 43 52 47 68 
126 136 66 4 0 0 62 44 0 0 0 3 0 0 0 0 4 20 8 18 52 66 56 77 71 51 61 63 55 66 52 24 0 0 0 16 56 68 116 100 
134 129 35 0 2 4 41 27 0 1 2 0 0 0 0 0 7 30 24 42 42 56 70 70 65 56 69 62 54 59 23 0 1 8 17 43 76 127 152 92 
142 103 29 3 0 24 0 10 9 13 0 0 0 0 0 4 11 38 40 48 36 59 81 56 71 71 65 45 40 36 0 11 25 23 46 70 96 163 169 84 
137 75 12 1 0 0 0 14 15 0 0 0 0 0 10 16 26 48 42 50 58 72 49 33 78 51 29 16 23 47 18 45 73 56 71 80 112 194 152 78 
132 65 0 0 0 0 0 0 0 0 2 10 11 0 30 33 35 50 44 52 80 52 16 32 76 8 4 4 48 60 38 70 102 100 100 90 136 192 132 72 
128 38 0 0 0 0 9 0 0 4 11 9 12 2 15 24 30 52 58 60 60 46 14 27 68 46 33 49 86 78 45 74 101 125 129 87 110 194 140 68 
124 20 7 7 0 0 26 8 4 14 18 0 0 0 0 16 20 48 72 68 40 40 12 32 60 88 116 86 99 83 52 78 121 146 114 84 111 178 148 64 
117 0 10 6 0 0 8 0 9 22 13 2 0 1 2 14 12 42 60 64 50 58 45 37 76 132 134 89 125 111 61 94 133 115 95 78 95 169 136 51 
110 6 9 6 0 0 6 3 17 23 6 2 13 0 0 12 4 36 48 60 60 76 104 100 82 163 148 95 122 136 70 88 103 94 93 72 84 153 123 38 
92 1 0 0 0 0 0 4 20 15 0 29 34 5 3 22 11 51 78 100 82 94 122 120 128 160 123 103 144 126 62 80 97 101 98 67 86 123 95 32 
74 4 0 0 0 0 11 10 11 0 24 56 39 9 8 29 41 72 120 143 132 112 139 140 138 144 122 120 139 105 55 87 99 101 91 66 78 90 67 26 
63 0 0 1 0 5 4 0 0 6 38 48 44 16 11 39 66 117 146 156 146 124 150 142 132 144 124 117 118 86 61 83 83 88 84 68 61 63 52 23 
52 0 0 0 32 0 0 0 15 19 26 40 58 43 16 55 105 151 149 156 160 136 145 144 123 148 124 100 105 83 61 63 70 86 81 57 38 52 44 20 
60 18 0 10 33 0 1 29 49 11 18 61 69 76 27 74 129 156 150 172 150 148 166 148 130 136 110 110 104 69 42 53 74 84 69 37 28 44 25 17 
68 28 18 29 0 0 24 67 56 0 34 82 80 92 62 78 116 172 192 193 151 153 172 142 136 124 104 120 100 40 38 63 70 68 52 24 26 28 10 14 
66 21 20 17 1 7 45 70 68 5 58 87 89 108 83 65 117 190 186 180 152 158 159 158 131 132 106 106 78 43 54 62 50 53 39 16 17 19 7 16 
64 0 0 0 0 23 55 66 98 32 69 92 98 124 83 60 137 208 180 160 169 150 161 164 140 121 108 92 60 48 53 44 36 44 24 8 12 23 6 18 
47 0 6 11 18 39 63 70 96 61 57 94 92 115 94 72 152 206 156 186 182 153 158 136 142 111 94 79 70 46 55 39 42 46 20 11 21 36 4 12 
30 20 24 27 30 43 68 74 94 70 53 96 86 106 128 86 150 179 184 154 184 140 124 144 131 113 95 74 66 38 56 43 44 48 13 14 30 44 0 6 
32 32 17 19 23 44 72 70 80 74 56 92 85 105 115 104 176 202 194 115 183 152 142 117 128 110 80 60 48 29 43 44 40 38 7 8 21 32 0 5 
34 4 29 22 31 53 70 61 65 64 73 88 84 104 102 94 169 200 159 116 208 164 113 116 112 104 64 44 40 25 32 40 32 28 4 2 12 24 0 4 
30 12 44 37 42 61 72 65 75 79 72 84 80 96 101 96 107 188 197 126 187 158 148 110 83 97 72 50 34 12 24 34 23 32 4 1 10 25 0 2 
26 35 54 40 55 78 80 72 83 73 62 80 76 88 100 98 96 169 192 140 196 137 152 99 79 86 80 56 24 0 16 28 20 36 8 0 8 22 0 0 
19 36 35 35 56 67 87 71 71 51 64 80 83 95 100 92 92 167 202 153 125 166 164 134 46 103 38 62 44 9 19 38 34 29 6 0 12 11 0 9 
12 26 24 41 48 50 82 84 69 40 66 80 90 102 100 86 88 165 212 147 121 163 111 140 70 75 80 68 44 20 24 35 44 22 6 0 12 4 2 18 
19 34 32 42 49 48 63 66 76 77 70 78 88 96 99 87 87 105 194 130 162 95 135 137 61 103 64 42 58 18 28 36 29 20 5 2 8 18 16 9 
26 43 40 42 50 46 44 48 82 94 74 76 86 90 98 88 86 100 196 114 82 136 139 140 56 84 60 38 44 16 28 28 20 20 10 0 4 37 21 0 
29 39 28 48 53 47 62 71 87 86 71 73 82 87 93 87 86 104 184 94 74 127 146 126 54 79 64 33 34 18 21 21 15 20 17 15 28 38 13 16 
32 20 16 54 56 48 80 94 92 78 68 70 78 84 88 86 86 102 121 78 136 140 136 112 72 78 61 27 27 12 12 20 16 28 32 30 34 28 29 32 
23 14 18 52 62 50 70 81 84 79 65 66 78 82 83 80 80 91 110 76 121 124 148 134 92 74 56 22 19 3 27 28 19 30 38 26 28 32 32 18 
14 19 20 50 68 52 60 68 76 80 62 62 78 80 78 74 74 109 90 96 108 100 158 156 112 64 36 20 17 20 36 32 21 24 48 17 20 36 20 4 
24 27 30 57 62 46 63 78 84 81 71 67 71 75 78 77 78 74 117 83 124 124 148 138 94 64 54 22 36 31 31 22 6 27 50 17 33 30 16 3 
34 34 40 64 56 40 66 88 92 82 102 80 65 70 78 80 82 74 132 76 109 135 126 120 76 75 44 34 75 34 11 4 8 41 52 26 37 13 12 2 
40 45 41 69 66 47 57 79 81 88 105 56 63 73 73 71 69 66 125 73 90 66 120 97 78 68 64 31 68 31 0 15 40 46 40 35 20 2 9 5 
46 52 42 74 80 38 48 70 89 76 77 42 62 76 68 62 56 58 124 65 55 39 93 111 84 56 43 24 69 56 10 37 47 40 28 20 15 4 8 8 
42 50 52 74 71 49 64 85 80 55 65 52 53 66 59 54 58 59 83 58 51 51 99 101 75 42 42 37 70 58 5 54 23 34 16 18 17 0 8 4 
38 52 62 74 70 68 81 73 60 44 69 52 44 56 50 46 60 60 81 59 67 63 73 74 76 23 28 34 76 52 12 32 24 28 4 16 31 0 0 0 
41 55 74 64 67 61 69 60 49 48 72 45 50 58 53 44 53 58 73 56 60 53 54 55 69 21 40 48 74 58 20 28 26 26 10 8 36 0 2 5 
44 57 66 46 68 53 61 56 49 50 72 44 56 60 56 37 46 56 66 49 35 59 47 58 67 33 49 44 72 56 16 24 28 24 10 0 48 4 0 10 
48 57 66 46 62 49 71 48 48 50 63 40 45 62 53 33 48 56 69 47 42 47 50 64 73 33 31 26 70 46 46 29 33 15 4 8 32 10 0 10 
52 53 68 52 53 48 67 37 48 52 51 29 34 64 50 47 50 56 62 57 62 45 40 58 70 27 18 20 41 78 62 30 31 19 0 16 16 4 7 10 
54 58 76 50 58 55 60 46 56 53 49 30 45 63 58 63 42 52 53 61 40 34 43 68 58 14 17 33 54 72 40 16 14 12 0 28 12 4 5 15 
56 67 70 50 70 65 51 57 54 58 50 39 56 62 66 55 34 48 44 47 26 44 63 51 38 16 33 43 46 52 16 0 12 18 10 28 4 3 2 20 
0 0 0 0 0 0 0 0 0 0 0 0 0 0 0 0 0 0 0 0 0 0 0 0 0 0 0 0 0 0 0 0 0 0 0 0 0 0 0 0 
