19200 19200 19200 19200 19200 19200 19200 19200 19200 19200 19200 19200 19200 19200 19200 19200 19200 19200 19200 19200 19200 19200 19200 19200 19200 19200 19200 19200 19200 19200 19200 35 34 35 36 23 22 23 24 0 
19200 19200 19200 19200 19200 19200 19200 19200 19200 19200 19200 19200 19200 19200 19200 19200 19200 19200 19200 19200 19200 19200 19200 19200 19200 19200 19200 19200 19200 19200 19200 34 33 34 35 22 21 22 23 0 
19200 19200 19200 19200 19200 19200 19200 19200 19200 19200 19200 19200 19200 19200 19200 19200 19200 19200 19200 19200 19200 19200 19200 19200 19200 19200 19200 19200 19200 19200 19200 33 32 33 34 21 20 21 22 0 
19200 19200 19200 19200 19200 19200 19200 19200 19200 19200 19200 19200 19200 19200 19200 19200 19200 19200 19200 19200 19200 19200 19200 19200 19200 19200 19200 19200 19200 19200 19200 32 31 32 33 20 19 20 21 0 
19200 19200 19200 19200 19200 19200 19200 19200 19200 19200 19200 19200 19200 19200 19200 19200 19200 19200 19200 19200 19200 19200 19200 19200 19200 19200 19200 19200 19200 19200 19200 31 30 31 32 19 18 19 20 0 
19200 19200 19200 19200 19200 19200 19200 19200 19200 19200 19200 19200 19200 19200 19200 19200 19200 19200 19200 19200 19200 19200 19200 19200 19200 19200 19200 19200 19200 19200 19200 30 29 30 31 18 17 18 19 0 
19200 19200 19200 19200 19200 19200 19200 19200 19200 19200 19200 19200 19200 19200 19200 19200 19200 19200 19200 19200 19200 19200 19200 19200 19200 19200 19200 19200 19200 19200 19200 29 28 29 30 17 16 17 18 0 
19200 19200 19200 19200 19200 19200 19200 19200 19200 19200 19200 19200 19200 19200 19200 19200 19200 19200 19200 19200 19200 19200 19200 19200 19200 19200 19200 19200 19200 19200 19200 28 27 28 29 16 15 16 17 0 
19200 19200 19200 19200 19200 19200 19200 19200 19200 19200 19200 19200 19200 19200 19200 19200 19200 19200 19200 19200 19200 19200 19200 19200 19200 19200 19200 19200 19200 19200 19200 27 26 27 28 15 14 15 16 0 
19200 19200 19200 19200 19200 19200 19200 19200 19200 19200 19200 19200 19200 19200 19200 19200 19200 19200 19200 19200 19200 19200 19200 19200 19200 19200 19200 19200 19200 19200 19200 26 25 26 25 16 13 14 15 0 
19200 19200 19200 19200 19200 19200 19200 19200 19200 19200 19200 19200 19200 19200 19200 19200 19200 19200 19200 19200 19200 19200 19200 19200 19200 19200 19200 19200 19200 19200 19200 25 24 23 24 17 12 13 14 0 
19200 19200 19200 19200 19200 19200 19200 19200 19200 19200 19200 19200 19200 19200 19200 19200 19200 19200 19200 19200 19200 19200 19200 19200 19200 19200 19200 19200 19200 19200 19200 24 23 22 23 18 11 12 13 0 
19200 19200 19200 19200 19200 19200 19200 19200 19200 19200 19200 19200 19200 19200 19200 19200 19200 19200 19200 19200 19200 19200 19200 19200 19200 19200 19200 19200 19200 19200 19200 23 22 21 22 19 10 11 12 0 
19200 19200 19200 19200 19200 19200 19200 19200 19200 19200 19200 19200 19200 19200 19200 19200 19200 19200 19200 19200 19200 19200 19200 19200 19200 19200 19200 19200 19200 19200 19200 22 21 20 21 20 9 10 7 0 
19200 19200 19200 19200 19200 19200 19200 19200 19200 19200 19200 19200 19200 19200 19200 19200 19200 19200 19200 19200 19200 19200 19200 19200 19200 19200 19200 19200 19200 19200 19200 21 20 19 20 21 8 7 6 0 
19200 19200 19200 19200 19200 19200 19200 19200 19200 19200 19200 19200 19200 19200 19200 19200 19200 19200 19200 19200 19200 19200 19200 19200 19200 19200 19200 19200 19200 19200 19200 20 19 18 19 20 7 6 5 0 
19200 19200 19200 19200 19200 19200 19200 19200 19200 19200 19200 19200 19200 19200 19200 19200 19200 19200 19200 19200 19200 19200 19200 19200 19200 19200 19200 19200 19200 19200 19200 19 18 17 18 7 6 5 4 0 
19200 19200 19200 19200 19200 19200 19200 19200 19200 19200 19200 19200 19200 19200 19200 19200 19200 19200 19200 19200 19200 19200 19200 19200 19200 19200 19200 19200 19200 19200 19200 18 17 16 17 6 5 4 3 0 
19200 19200 19200 19200 19200 19200 19200 19200 19200 19200 19200 19200 19200 19200 19200 19200 19200 19200 19200 19200 19200 19200 19200 19200 19200 19200 19200 19200 19200 19200 19200 17 16 15 16 7 4 3 2 0 
19200 19200 19200 19200 19200 19200 19200 19200 19200 19200 19200 19200 19200 19200 19200 19200 19200 19200 19200 19200 19200 19200 19200 19200 19200 19200 19200 19200 19200 19200 19200 16 15 14 15 6 3 2 1 0 
19200 19200 19200 19200 19200 19200 19200 19200 19200 19200 19200 19200 19200 19200 19200 19200 19200 19200 19200 19200 19200 19200 19200 19200 19200 19200 19200 19200 19200 19200 19200 15 14 13 14 5 4 3 2 0 
19200 19200 19200 19200 19200 19200 19200 19200 19200 19200 19200 19200 19200 19200 19200 19200 19200 19200 19200 19200 19200 19200 19200 19200 19200 19200 19200 19200 19200 19200 19200 14 13 12 13 5 4 3 2 0 
19200 19200 19200 19200 19200 19200 19200 19200 19200 19200 19200 19200 19200 19200 19200 19200 19200 19200 19200 19200 19200 19200 19200 19200 19200 19200 19200 19200 19200 19200 19200 13 12 11 12 6 3 2 1 0 
19200 19200 19200 19200 19200 19200 19200 19200 19200 19200 19200 19200 19200 19200 19200 19200 19200 19200 19200 19200 19200 19200 19200 19200 19200 19200 19200 19200 19200 19200 19200 12 11 10 11 6 3 2 1 0 
19200 19200 19200 19200 19200 19200 19200 19200 19200 19200 19200 19200 19200 19200 19200 19200 19200 19200 19200 19200 19200 19200 19200 19200 19200 19200 19200 19200 19200 19200 19200 11 10 9 10 5 4 3 2 0 
19200 19200 19200 19200 19200 19200 19200 19200 19200 19200 19200 19200 19200 19200 19200 19200 19200 19200 19200 19200 19200 19200 19200 19200 19200 19200 19200 19200 19200 19200 19200 10 9 8 7 5 4 3 2 0 
19200 19200 19200 19200 19200 19200 19200 19200 19200 19200 19200 19200 19200 19200 19200 19200 19200 19200 19200 19200 19200 19200 19200 19200 19200 19200 19200 19200 19200 19200 19200 9 8 7 6 5 4 2 1 0 
19200 19200 19200 19200 19200 19200 19200 19200 19200 19200 19200 19200 19200 19200 19200 19200 19200 19200 19200 19200 19200 19200 19200 19200 19200 19200 19200 19200 19200 19200 19200 8 7 6 5 4 3 2 1 0 
19200 19200 19200 19200 19200 19200 19200 19200 19200 19200 19200 19200 19200 19200 19200 19200 19200 19200 19200 19200 19200 19200 19200 19200 19200 19200 19200 19200 19200 19200 19200 8 7 6 5 4 3 2 1 0 
19200 19200 19200 19200 19200 19200 19200 19200 19200 19200 19200 19200 19200 19200 19200 19200 19200 19200 19200 19200 19200 19200 19200 19200 19200 19200 19200 19200 19200 19200 19200 8 7 6 5 4 3 2 1 0 
19200 19200 19200 19200 19200 19200 19200 19200 19200 19200 19200 19200 19200 19200 19200 19200 19200 19200 19200 19200 19200 19200 19200 19200 19200 19200 19200 19200 19200 19200 19200 9 7 6 5 4 3 2 1 0 
19200 19200 19200 19200 19200 19200 19200 19200 19200 19200 19200 19200 19200 19200 19200 19200 19200 19200 19200 19200 19200 19200 19200 19200 19200 19200 19200 19200 19200 19200 19200 10 7 6 5 4 3 2 1 0 
19200 19200 19200 19200 19200 19200 19200 19200 19200 19200 19200 19200 19200 19200 19200 19200 19200 19200 19200 19200 19200 19200 19200 19200 19200 19200 19200 19200 19200 19200 10 9 8 7 6 4 3 2 1 0 
19200 19200 19200 19200 19200 19200 19200 19200 19200 19200 19200 19200 19200 19200 19200 19200 19200 19200 19200 19200 19200 19200 19200 19200 19200 19200 19200 19200 19200 19200 11 10 9 8 9 4 3 2 1 0 
19200 19200 19200 19200 19200 19200 19200 19200 19200 19200 19200 19200 19200 19200 19200 19200 19200 19200 19200 19200 19200 19200 19200 19200 19200 19200 19200 19200 19200 19200 12 11 10 9 10 5 4 3 2 0 
19200 19200 19200 19200 19200 19200 19200 19200 19200 19200 19200 19200 19200 19200 19200 19200 19200 19200 19200 19200 19200 19200 19200 19200 19200 19200 19200 19200 19200 19200 13 12 11 10 9 6 5 4 3 0 
19200 19200 19200 19200 19200 19200 19200 19200 19200 19200 19200 19200 19200 19200 19200 19200 19200 19200 19200 19200 19200 19200 19200 19200 19200 19200 19200 19200 19200 19200 14 13 12 11 8 7 6 5 4 0 
19200 19200 19200 19200 19200 19200 19200 19200 19200 19200 19200 19200 19200 19200 19200 19200 19200 19200 19200 19200 19200 19200 19200 19200 19200 19200 19200 19200 19200 19200 15 14 13 12 9 8 7 6 5 0 
19200 19200 19200 19200 19200 19200 19200 19200 19200 19200 19200 19200 19200 19200 19200 19200 19200 19200 19200 19200 19200 19200 19200 19200 19200 19200 19200 19200 19200 19200 15 14 13 12 10 9 8 7 6 0 
19200 19200 19200 19200 19200 19200 19200 19200 19200 19200 19200 19200 19200 19200 19200 19200 19200 19200 19200 19200 19200 19200 19200 19200 19200 19200 19200 19200 19200 19200 14 13 12 11 10 9 8 7 7 0 
19200 19200 19200 19200 19200 19200 19200 19200 19200 19200 19200 19200 19200 19200 19200 19200 19200 19200 19200 19200 19200 19200 19200 19200 19200 19200 19200 19200 19200 19200 13 12 11 10 9 8 7 6 7 0 
19200 19200 19200 19200 19200 19200 19200 19200 19200 19200 19200 19200 19200 19200 19200 19200 19200 19200 19200 19200 19200 19200 19200 19200 19200 19200 19200 19200 19200 19200 12 11 10 9 8 7 6 5 6 0 
19200 19200 19200 19200 19200 19200 19200 19200 19200 19200 19200 19200 19200 19200 19200 19200 19200 19200 19200 19200 19200 19200 19200 19200 19200 19200 19200 19200 19200 19200 13 10 9 8 7 6 5 4 5 0 
19200 19200 19200 19200 19200 19200 19200 19200 19200 19200 19200 19200 19200 19200 19200 19200 19200 19200 19200 19200 19200 19200 19200 19200 19200 19200 19200 19200 19200 19200 19200 9 8 7 6 5 4 3 2 0 
19200 19200 19200 19200 19200 19200 19200 19200 19200 19200 19200 19200 19200 19200 19200 19200 19200 19200 19200 19200 19200 19200 19200 19200 19200 19200 19200 19200 19200 19200 19200 19200 7 6 5 4 3 2 1 0 
19200 19200 19200 19200 19200 19200 19200 19200 19200 19200 19200 19200 19200 19200 19200 19200 19200 19200 19200 19200 19200 19200 19200 19200 19200 19200 19200 19200 19200 19200 19200 19200 7 6 5 4 3 2 1 0 
19200 19200 19200 19200 19200 19200 19200 19200 19200 19200 19200 19200 19200 19200 19200 19200 19200 19200 19200 19200 19200 19200 19200 19200 19200 19200 19200 19200 19200 19200 19200 9 8 7 6 5 4 3 1 0 
19200 19200 19200 19200 19200 19200 19200 19200 19200 19200 19200 19200 19200 19200 19200 19200 19200 19200 19200 19200 19200 19200 19200 19200 19200 19200 19200 19200 19200 19200 19200 10 9 8 7 6 5 6 1 0 
19200 19200 19200 19200 19200 19200 19200 19200 19200 19200 19200 19200 19200 19200 19200 19200 19200 19200 19200 19200 19200 19200 19200 19200 19200 19200 19200 19200 19200 19200 19200 11 10 9 8 7 6 7 8 0 
19200 19200 19200 19200 19200 19200 19200 19200 19200 19200 19200 19200 19200 19200 19200 19200 19200 19200 19200 19200 19200 19200 19200 19200 19200 19200 19200 19200 19200 19200 19200 12 11 10 9 8 7 7 8 0 
19200 19200 19200 19200 19200 19200 19200 19200 19200 19200 19200 19200 19200 19200 19200 19200 19200 19200 19200 19200 19200 19200 19200 19200 19200 19200 19200 19200 19200 19200 19200 13 11 10 9 8 7 6 5 0 
19200 19200 19200 19200 19200 19200 19200 19200 19200 19200 19200 19200 19200 19200 19200 19200 19200 19200 19200 19200 19200 19200 19200 19200 19200 19200 19200 19200 19200 19200 19200 19200 12 9 8 7 6 5 4 0 
19200 19200 19200 19200 19200 19200 19200 19200 19200 19200 19200 19200 19200 19200 19200 19200 19200 19200 19200 19200 19200 19200 19200 19200 19200 19200 19200 19200 19200 19200 19200 19200 11 8 7 6 5 4 3 0 
19200 19200 19200 19200 19200 19200 19200 19200 19200 19200 19200 19200 19200 19200 19200 19200 19200 19200 19200 19200 19200 19200 19200 19200 19200 19200 19200 19200 19200 19200 19200 19200 10 7 6 5 4 3 2 0 
19200 19200 19200 19200 19200 19200 19200 19200 19200 19200 19200 19200 19200 19200 19200 19200 19200 19200 19200 19200 19200 19200 19200 19200 19200 19200 19200 19200 19200 19200 19200 19200 9 8 7 4 3 2 1 0 
19200 19200 19200 19200 19200 19200 19200 19200 19200 19200 19200 19200 19200 19200 19200 19200 19200 19200 19200 19200 19200 19200 19200 19200 19200 19200 19200 19200 19200 19200 19200 19200 8 7 6 4 3 2 1 0 
19200 19200 19200 19200 19200 19200 19200 19200 19200 19200 19200 19200 19200 19200 19200 19200 19200 19200 19200 19200 19200 19200 19200 19200 19200 19200 19200 19200 19200 19200 19200 19200 7 6 5 4 3 2 1 0 
19200 19200 19200 19200 19200 19200 19200 19200 19200 19200 19200 19200 19200 19200 19200 19200 19200 19200 19200 19200 19200 19200 19200 19200 19200 19200 19200 19200 19200 19200 19200 19200 7 6 5 4 3 2 1 0 
19200 19200 19200 19200 19200 19200 19200 19200 19200 19200 19200 19200 19200 19200 19200 19200 19200 19200 19200 19200 19200 19200 19200 19200 19200 19200 19200 19200 19200 19200 19200 19200 7 6 5 4 3 2 1 0 
19200 19200 19200 19200 19200 19200 19200 19200 19200 19200 19200 19200 19200 19200 19200 19200 19200 19200 19200 19200 19200 19200 19200 19200 19200 19200 19200 19200 19200 19200 19200 10 7 6 5 4 3 2 1 0 
19200 19200 19200 19200 19200 19200 19200 19200 19200 19200 19200 19200 19200 19200 19200 19200 19200 19200 19200 19200 19200 19200 19200 19200 19200 19200 19200 19200 19200 19200 19200 9 8 7 6 5 4 3 2 0 
19200 19200 19200 19200 19200 19200 19200 19200 19200 19200 19200 19200 19200 19200 19200 19200 19200 19200 19200 19200 19200 19200 19200 19200 19200 19200 19200 19200 19200 19200 19200 10 9 8 7 6 5 4 3 0 
19200 19200 19200 19200 19200 19200 19200 19200 19200 19200 19200 19200 19200 19200 19200 19200 19200 19200 19200 19200 19200 19200 19200 19200 19200 19200 19200 19200 19200 19200 19200 11 10 9 8 7 6 5 4 0 
19200 19200 19200 19200 19200 19200 19200 19200 19200 19200 19200 19200 19200 19200 19200 19200 19200 19200 19200 19200 19200 19200 19200 19200 19200 19200 19200 19200 19200 19200 19200 11 10 9 8 7 6 5 4 0 
19200 19200 19200 19200 19200 19200 19200 19200 19200 19200 19200 19200 19200 19200 19200 19200 19200 19200 19200 19200 19200 19200 19200 19200 19200 19200 19200 19200 19200 19200 19200 12 9 8 7 6 5 4 3 0 
19200 19200 19200 19200 19200 19200 19200 19200 19200 19200 19200 19200 19200 19200 19200 19200 19200 19200 19200 19200 19200 19200 19200 19200 19200 19200 19200 19200 19200 19200 19200 13 8 7 6 5 4 3 2 0 
19200 19200 19200 19200 19200 19200 19200 19200 19200 19200 19200 19200 19200 19200 19200 19200 19200 19200 19200 19200 19200 19200 19200 19200 19200 19200 19200 19200 19200 19200 19200 14 9 8 7 6 5 4 1 0 
19200 19200 19200 19200 19200 19200 19200 19200 19200 19200 19200 19200 19200 19200 19200 19200 19200 19200 19200 19200 19200 19200 19200 19200 19200 19200 19200 19200 19200 19200 19200 13 10 9 8 7 6 7 2 0 
19200 19200 19200 19200 19200 19200 19200 19200 19200 19200 19200 19200 19200 19200 19200 19200 19200 19200 19200 19200 19200 19200 19200 19200 19200 19200 19200 19200 19200 19200 19200 12 11 10 9 8 7 8 9 0 
19200 19200 19200 19200 19200 19200 19200 19200 19200 19200 19200 19200 19200 19200 19200 19200 19200 19200 19200 19200 19200 19200 19200 19200 19200 19200 19200 19200 19200 19200 19200 11 10 9 8 7 6 7 8 0 
19200 19200 19200 19200 19200 19200 19200 19200 19200 19200 19200 19200 19200 19200 19200 19200 19200 19200 19200 19200 19200 19200 19200 19200 19200 19200 19200 19200 19200 19200 19200 12 11 8 7 6 5 6 2 0 
19200 19200 19200 19200 19200 19200 19200 19200 19200 19200 19200 19200 19200 19200 19200 19200 19200 19200 19200 19200 19200 19200 19200 19200 19200 19200 19200 19200 19200 19200 19 18 17 7 6 5 4 2 1 0 
19200 19200 19200 19200 19200 19200 19200 19200 19200 19200 19200 19200 19200 19200 19200 19200 19200 19200 19200 19200 19200 19200 19200 19200 19200 19200 19200 19200 19200 19 18 17 16 6 5 4 3 2 1 0 
19200 19200 19200 19200 19200 19200 19200 19200 19200 19200 19200 19200 19200 19200 19200 19200 19200 19200 19200 19200 19200 19200 19200 19200 39 38 39 40 39 40 17 16 15 14 5 4 3 2 1 0 
19200 19200 19200 19200 19200 19200 19200 19200 19200 19200 19200 19200 19200 19200 19200 19200 19200 19200 19200 19200 19200 19200 19200 39 38 37 38 39 38 39 16 15 14 13 6 5 4 3 2 0 
19200 19200 19200 19200 19200 19200 19200 19200 19200 19200 19200 19200 19200 19200 19200 19200 19200 19200 19200 19200 19200 19200 39 38 37 36 37 38 37 38 17 14 13 12 7 6 5 4 3 0 
19200 19200 19200 19200 19200 19200 19200 19200 19200 19200 19200 19200 19200 19200 19200 19200 19200 19200 19200 19200 19200 39 38 37 36 35 36 37 36 37 18 13 12 11 8 7 6 5 6 0 
19200 19200 19200 19200 19200 19200 19200 19200 19200 19200 19200 19200 19200 19200 19200 19200 19200 19200 19200 19200 19200 38 37 36 35 34 35 34 35 36 19 12 11 10 9 8 7 6 7 0 
19200 19200 19200 19200 19200 19200 19200 19200 19200 19200 19200 19200 19200 19200 19200 19200 19200 19200 19200 19200 38 37 36 35 34 33 32 33 34 35 20 11 10 9 8 7 6 5 4 0 
19200 19200 19200 19200 19200 19200 19200 19200 19200 19200 19200 19200 19200 19200 19200 19200 19200 19200 39 38 37 36 35 34 33 32 31 32 33 34 21 10 9 8 7 6 5 4 3 0 
19200 19200 19200 19200 19200 19200 19200 19200 19200 19200 19200 19200 19200 19200 19200 19200 19200 39 38 37 36 35 34 33 32 31 30 31 32 33 22 11 10 9 6 5 4 3 2 0 
19200 19200 19200 19200 19200 19200 19200 19200 47 46 47 48 49 42 43 44 39 38 37 36 35 34 33 32 31 30 29 28 27 26 23 12 11 7 5 4 3 2 1 0 
19200 19200 19200 19200 19200 19200 19200 19200 46 45 46 47 48 41 42 43 38 37 36 35 34 33 32 31 30 29 28 27 26 25 24 13 11 6 5 4 3 2 1 0 
19200 19200 19200 19200 19200 19200 19200 19200 45 44 45 46 41 40 41 42 37 36 35 34 33 32 31 30 29 28 29 28 27 26 25 13 10 7 6 4 3 2 1 0 
19200 19200 19200 19200 19200 19200 19200 19200 44 43 44 45 40 39 40 41 36 35 34 33 32 31 30 29 28 27 28 29 28 27 26 12 9 8 7 4 3 2 1 0 
19200 19200 19200 19200 19200 19200 19200 19200 43 42 43 44 39 38 39 40 35 34 33 32 31 30 29 28 27 26 27 28 29 28 27 11 10 9 8 4 3 2 1 0 
19200 19200 19200 19200 19200 19200 19200 19200 42 41 42 39 38 37 38 39 34 33 32 31 30 29 28 27 26 25 26 27 28 29 28 12 11 10 9 5 4 3 2 0 
19200 19200 19200 19200 19200 19200 19200 19200 41 40 39 38 37 36 37 38 33 32 31 30 29 28 27 26 25 24 25 26 27 28 29 13 12 11 10 6 5 4 3 0 
19200 19200 19200 19200 19200 19200 19200 19200 40 39 38 37 36 35 36 33 32 31 30 29 28 27 26 25 24 23 24 25 26 27 28 12 11 10 9 7 5 4 3 0 
19200 19200 19200 19200 19200 19200 19200 40 39 38 37 36 35 34 33 32 31 30 29 28 27 26 25 24 23 22 23 24 25 26 12 11 10 9 8 7 4 3 2 0 
19200 19200 19200 19200 19200 19200 40 39 38 37 36 35 34 33 32 31 30 29 28 27 26 25 24 23 22 21 22 23 22 23 11 10 9 8 7 6 3 2 1 0 
19200 19200 19200 19200 19200 19200 39 38 37 36 35 34 33 32 31 30 29 28 27 26 25 24 23 22 21 20 21 20 21 22 10 9 8 7 6 5 3 2 1 0 
19200 19200 19200 19200 19200 41 40 39 38 37 36 35 34 33 32 31 30 29 28 25 24 23 22 21 20 19 18 19 20 21 9 8 7 6 5 4 3 2 1 0 
19200 19200 19200 19200 19200 40 39 38 37 36 35 34 33 32 31 30 29 28 27 24 23 22 21 20 19 18 17 18 19 14 9 8 7 6 5 4 3 2 1 0 
19200 19200 19200 19200 19200 19200 40 39 38 37 36 35 34 31 30 29 28 27 26 25 22 21 20 19 18 17 16 15 14 13 10 9 8 7 6 5 4 3 2 0 
19200 19200 19200 19200 19200 19200 41 40 39 38 37 38 35 30 29 28 27 26 25 26 21 20 19 18 17 16 15 14 13 12 11 10 9 8 7 6 5 4 3 0 
19200 19200 19200 19200 19200 19200 42 41 40 39 40 41 36 29 28 27 26 25 24 23 22 19 18 17 16 15 14 13 12 11 10 9 8 7 6 5 4 3 2 0 
19200 19200 19200 19200 19200 19200 43 42 41 40 41 42 37 28 27 26 25 24 23 22 21 18 17 16 15 14 13 12 11 10 9 8 7 6 5 4 3 2 1 0 
19200 19200 19200 19200 19200 19200 19200 43 42 41 42 43 38 29 28 27 26 25 24 21 20 19 18 17 16 15 14 13 12 11 10 9 8 7 6 4 3 2 1 0 
19200 19200 19200 19200 19200 19200 19200 44 43 42 43 44 39 28 27 26 25 24 23 22 21 20 19 18 17 16 15 14 13 12 11 10 9 8 7 4 3 2 1 0 
19200 19200 19200 19200 19200 19200 19200 19200 44 43 44 45 40 27 26 25 24 23 22 21 20 19 18 17 16 15 14 13 12 11 10 9 8 7 6 5 4 3 2 0 
19200 19200 19200 19200 19200 19200 19200 19200 19200 19200 19200 19200 19200 27 26 25 24 23 22 21 20 19 18 17 16 15 14 13 12 11 10 9 8 7 6 5 4 3 2 0 
19200 19200 19200 19200 19200 19200 19200 19200 19200 19200 19200 19200 19200 26 25 24 23 22 21 20 19 18 17 16 15 14 13 12 11 10 9 8 7 6 5 4 3 2 1 0 
19200 19200 19200 19200 19200 19200 19200 19200 19200 19200 19200 19200 19200 27 25 24 23 22 21 20 19 18 17 16 15 14 13 12 11 10 9 8 7 6 5 4 3 2 1 0 
19200 19200 19200 19200 19200 19200 19200 19200 19200 19200 19200 19200 19200 28 25 24 23 22 21 20 19 18 17 16 15 14 13 12 11 10 9 8 7 6 5 4 3 2 1 0 
19200 19200 19200 19200 19200 19200 19200 19200 19200 19200 19200 19200 19200 29 25 24 23 22 21 20 19 18 17 16 15 14 13 12 11 10 9 8 7 6 5 4 3 2 1 0 
19200 19200 19200 19200 19200 19200 19200 19200 19200 19200 19200 19200 19200 19200 26 24 23 22 21 20 19 18 17 16 15 14 13 12 11 10 9 8 7 6 5 4 3 2 1 0 
19200 19200 19200 19200 19200 19200 19200 19200 19200 19200 19200 19200 19200 19200 27 25 24 23 22 21 20 19 18 17 16 15 14 13 12 11 10 9 8 7 6 5 3 2 1 0 
19200 19200 19200 19200 19200 19200 19200 19200 19200 19200 19200 19200 19200 40 27 26 25 24 23 22 21 22 19 18 17 16 15 14 13 12 11 10 9 8 7 4 3 2 1 0 
19200 19200 19200 19200 19200 19200 19200 19200 19200 19200 19200 19200 19200 39 28 27 26 25 24 23 22 23 20 19 18 17 16 15 14 13 12 11 10 9 8 4 3 2 1 0 
19200 19200 19200 19200 19200 19200 19200 19200 19200 19200 19200 19200 19200 38 29 28 27 26 25 24 23 24 21 20 19 18 17 16 15 14 13 12 11 10 9 4 3 2 1 0 
19200 19200 19200 19200 19200 19200 19200 19200 19200 19200 19200 19200 19200 37 30 29 28 27 26 25 24 25 22 21 20 19 18 17 16 15 14 13 12 11 10 4 3 2 1 0 
19200 19200 19200 19200 19200 19200 19200 19200 19200 19200 19200 19200 19200 36 31 30 29 28 27 26 25 26 23 22 21 20 19 18 17 16 15 14 13 12 11 4 3 2 1 0 
19200 19200 19200 19200 19200 19200 19200 19200 19200 19200 19200 19200 36 35 32 31 30 31 32 27 26 26 23 22 21 20 19 18 17 16 15 14 13 12 13 4 3 2 1 0 
19200 19200 19200 19200 19200 19200 19200 19200 19200 19200 19200 19200 35 34 33 32 31 32 33 27 26 25 22 21 20 19 18 17 16 15 14 13 12 11 12 5 4 3 2 0 
19200 19200 19200 19200 19200 19200 19200 19200 19200 19200 19200 19200 36 35 34 33 32 33 34 26 25 24 21 20 19 18 17 16 15 14 13 12 11 10 11 5 4 3 2 0 
19200 19200 19200 19200 19200 19200 19200 19200 19200 19200 19200 19200 37 36 35 34 33 34 35 25 24 23 22 19 18 17 16 15 14 13 12 11 10 9 10 4 3 2 1 0 
19200 19200 19200 19200 19200 19200 19200 19200 19200 19200 19200 19200 38 37 37 35 34 35 36 24 23 22 21 18 17 16 15 14 13 12 11 10 9 8 7 4 3 2 1 0 
19200 19200 19200 19200 19200 19200 19200 19200 19200 19200 19200 19200 38 37 36 35 34 35 36 23 22 21 20 19 18 15 14 13 12 11 10 9 8 7 6 5 4 3 2 0 
19200 19200 19200 19200 19200 19200 19200 19200 19200 19200 19200 19200 37 36 35 34 33 34 23 22 21 20 19 18 17 14 13 12 11 10 9 8 7 6 5 4 3 2 1 0 
19200 19200 19200 19200 19200 19200 19200 19200 19200 19200 19200 19200 19200 19200 19200 19200 32 24 23 22 21 20 19 17 16 15 14 13 12 11 10 8 7 6 5 4 3 2 1 0 
19200 19200 19200 19200 19200 19200 19200 19200 19200 19200 19200 19200 19200 19200 19200 19200 31 23 22 21 20 19 18 17 16 15 14 13 12 11 10 8 7 6 5 4 3 2 1 0 
19200 19200 19200 19200 19200 19200 19200 19200 19200 19200 19200 19200 19200 19200 19200 19200 30 22 21 20 19 18 17 16 15 14 13 12 11 10 9 8 7 6 5 4 3 2 1 0 
19200 19200 19200 19200 19200 19200 19200 19200 19200 19200 19200 19200 19200 19200 19200 19200 29 22 21 20 19 18 17 16 15 14 13 12 11 10 9 8 7 6 5 4 3 2 1 0 
19200 19200 19200 19200 19200 19200 19200 19200 19200 19200 19200 19200 19200 19200 19200 19200 28 23 22 21 20 19 18 17 16 15 14 13 12 11 10 9 8 7 6 4 3 2 1 0 
19200 19200 19200 19200 19200 19200 19200 19200 19200 19200 19200 19200 19200 19200 19200 19200 27 24 23 22 21 20 19 18 17 16 15 14 13 12 11 10 9 8 9 4 3 2 1 0 
19200 19200 19200 19200 19200 19200 19200 19200 19200 19200 19200 19200 19200 19200 19200 19200 26 25 24 23 22 21 20 19 18 17 16 15 14 13 12 11 10 9 10 4 3 2 1 0 
19200 19200 19200 19200 19200 19200 19200 19200 19200 19200 19200 19200 19200 19200 19200 19200 27 26 25 24 23 22 21 20 19 18 17 16 15 14 13 12 11 12 12 4 3 2 1 0 
19200 19200 19200 19200 19200 19200 19200 19200 19200 19200 19200 19200 19200 19200 19200 19200 28 27 26 25 24 23 22 21 20 19 18 17 16 15 14 13 12 12 11 5 4 3 1 0 
19200 19200 19200 19200 19200 19200 19200 19200 19200 19200 19200 19200 19200 19200 19200 19200 29 28 27 26 25 24 23 22 21 20 19 18 17 16 15 14 12 11 10 6 5 4 1 0 
19200 19200 19200 19200 19200 19200 19200 19200 19200 19200 19200 19200 19200 19200 19200 19200 30 29 28 29 26 25 24 23 22 21 20 19 18 17 16 15 11 10 9 7 4 3 2 0 
19200 19200 19200 19200 19200 19200 19200 19200 19200 19200 19200 19200 19200 19200 19200 19200 31 30 29 30 27 26 25 24 23 22 21 20 19 18 17 16 10 9 8 6 3 2 1 0 
19200 19200 19200 19200 19200 19200 19200 19200 19200 19200 19200 19200 19200 19200 19200 19200 19200 31 30 31 28 27 26 25 24 23 22 21 20 19 18 17 9 8 7 5 4 3 2 0 
19200 19200 19200 19200 19200 19200 19200 19200 19200 19200 19200 19200 19200 19200 19200 19200 19200 19200 33 32 29 28 27 26 25 24 23 22 21 19 18 18 8 7 6 5 4 3 2 0 
19200 19200 19200 19200 19200 19200 19200 19200 19200 19200 19200 19200 19200 19200 19200 19200 19200 19200 34 33 30 29 28 27 26 25 24 25 22 18 17 18 7 6 5 4 3 2 1 0 
19200 19200 19200 19200 19200 19200 19200 19200 19200 19200 19200 19200 19200 19200 19200 19200 19200 19200 19200 19200 31 30 29 28 27 26 25 26 27 19 16 17 7 6 5 4 3 2 1 0 
19200 19200 19200 19200 19200 19200 19200 19200 19200 19200 19200 19200 19200 19200 19200 19200 19200 19200 19200 19200 19200 31 30 29 28 27 26 27 28 29 15 16 7 6 5 4 3 2 1 0 
19200 19200 19200 19200 19200 19200 19200 19200 19200 19200 19200 19200 19200 19200 19200 19200 19200 19200 19200 19200 19200 32 31 30 29 28 27 28 29 30 14 11 7 6 5 4 3 2 1 0 
19200 19200 19200 19200 19200 19200 19200 19200 19200 19200 19200 19200 19200 19200 19200 19200 19200 19200 19200 19200 19200 33 32 31 30 29 28 29 30 31 13 10 7 6 5 4 3 2 1 0 
19200 19200 19200 19200 19200 19200 19200 19200 19200 19200 19200 19200 19200 19200 19200 19200 19200 19200 19200 19200 19200 34 33 32 31 30 29 30 31 32 12 9 7 6 5 4 3 2 1 0 
19200 19200 19200 19200 19200 19200 19200 19200 19200 19200 19200 19200 19200 19200 19200 19200 19200 19200 19200 19200 19200 35 34 33 32 31 30 31 32 33 11 8 7 6 5 4 3 2 1 0 
19200 19200 19200 19200 19200 19200 19200 19200 19200 19200 19200 19200 19200 19200 19200 19200 19200 19200 19200 19200 19200 19200 19200 19200 19200 19200 31 32 33 34 10 9 8 6 5 4 3 2 1 0 
19200 19200 19200 19200 19200 19200 19200 19200 19200 19200 19200 19200 19200 19200 19200 19200 19200 19200 19200 19200 19200 19200 19200 19200 19200 19200 19200 19200 34 12 11 10 9 7 5 4 3 2 1 0 
19200 19200 19200 19200 19200 19200 19200 19200 19200 19200 19200 19200 19200 19200 19200 19200 19200 19200 19200 19200 19200 19200 19200 19200 19200 19200 19200 19200 19200 13 12 11 10 8 5 4 3 2 1 0 
19200 19200 19200 19200 19200 19200 19200 19200 19200 19200 19200 19200 19200 19200 19200 19200 19200 19200 19200 19200 19200 19200 19200 19200 19200 19200 19200 19200 19200 14 13 14 15 9 5 4 3 2 1 0 
19200 19200 19200 19200 19200 19200 19200 19200 19200 19200 19200 19200 19200 19200 19200 19200 19200 19200 19200 19200 19200 19200 19200 19200 19200 19200 19200 19200 19200 15 14 15 16 17 5 4 3 2 1 0 
19200 19200 19200 19200 19200 19200 19200 19200 19200 19200 19200 19200 19200 19200 19200 19200 19200 19200 19200 19200 19200 19200 19200 19200 19200 19200 19200 19200 19200 16 15 16 17 18 5 4 3 2 1 0 
19200 19200 19200 19200 19200 19200 19200 19200 19200 19200 19200 19200 19200 19200 19200 19200 19200 19200 19200 19200 19200 19200 19200 19200 19200 19200 19200 19200 19200 19200 16 17 18 19 6 5 4 3 2 0 
19200 19200 19200 19200 19200 19200 19200 19200 19200 19200 19200 19200 19200 19200 19200 19200 19200 19200 19200 19200 19200 19200 19200 19200 19200 19200 19200 19200 19200 19200 19200 18 19 20 7 4 3 2 1 0 
19200 19200 19200 19200 19200 19200 19200 19200 19200 19200 19200 19200 19200 19200 19200 19200 19200 19200 19200 19200 19200 19200 19200 19200 19200 19200 19200 19200 19200 19200 19200 19200 19200 21 8 5 3 2 1 0 
19200 19200 19200 19200 19200 19200 19200 19200 19200 19200 19200 19200 19200 19200 19200 19200 19200 19200 19200 19200 19200 19200 19200 19200 19200 19200 19200 19200 19200 19200 19200 19200 19200 22 9 10 4 3 1 0 
19200 19200 19200 19200 19200 19200 19200 19200 19200 19200 19200 19200 19200 19200 19200 19200 19200 19200 19200 19200 19200 19200 19200 19200 19200 19200 19200 19200 19200 19200 19200 19200 19200 23 10 11 12 4 1 0 
19200 19200 19200 19200 19200 19200 19200 19200 19200 19200 19200 19200 19200 19200 19200 19200 19200 19200 19200 19200 19200 19200 19200 19200 19200 19200 19200 19200 19200 19200 19200 19200 19200 24 11 12 13 5 4 0 
19200 19200 19200 19200 19200 19200 19200 19200 19200 19200 19200 19200 19200 19200 19200 19200 19200 19200 19200 19200 19200 19200 19200 19200 19200 19200 19200 19200 19200 19200 19200 19200 19200 25 12 13 14 4 3 0 
19200 19200 19200 19200 19200 19200 19200 19200 19200 19200 19200 19200 19200 19200 19200 19200 19200 19200 19200 19200 19200 19200 19200 19200 19200 19200 19200 19200 19200 19200 19200 19200 19200 26 13 14 15 3 2 0 
19200 19200 19200 19200 19200 19200 19200 19200 19200 19200 19200 19200 19200 19200 19200 19200 19200 19200 19200 19200 19200 19200 19200 19200 19200 19200 19200 19200 19200 19200 19200 19200 19200 19200 19200 19200 19200 2 1 0 
19200 19200 19200 19200 19200 19200 19200 19200 19200 19200 19200 19200 19200 19200 19200 19200 19200 19200 19200 19200 19200 19200 19200 19200 19200 19200 19200 19200 19200 19200 19200 19200 19200 19200 19200 19200 3 2 1 0 
19200 19200 19200 19200 19200 19200 19200 19200 19200 19200 19200 19200 19200 19200 19200 19200 19200 19200 19200 19200 19200 19200 19200 19200 19200 19200 19200 19200 19200 19200 19200 19200 19200 19200 19200 19200 4 2 1 0 
19200 19200 19200 19200 19200 19200 19200 19200 19200 19200 19200 19200 19200 19200 19200 19200 19200 19200 19200 19200 19200 19200 19200 19200 19200 19200 19200 19200 19200 19200 19200 19200 19200 19200 19200 19200 5 3 2 0 
19200 19200 19200 19200 19200 19200 19200 19200 19200 19200 19200 19200 19200 19200 19200 19200 19200 19200 19200 19200 19200 19200 19200 19200 19200 19200 19200 19200 19200 19200 19200 19200 19200 19200 19200 19200 6 4 3 0 
19200 19200 19200 19200 19200 19200 19200 19200 19200 19200 19200 19200 19200 19200 19200 19200 19200 19200 19200 19200 19200 19200 19200 19200 19200 19200 19200 19200 19200 19200 19200 19200 19200 19200 19200 19200 7 5 4 0 
19200 19200 19200 19200 19200 19200 19200 19200 19200 19200 19200 19200 19200 19200 19200 19200 19200 19200 19200 19200 19200 19200 19200 19200 19200 19200 19200 19200 19200 19200 19200 19200 19200 19200 19200 19200 8 4 3 0 
19200 19200 19200 19200 19200 19200 19200 19200 19200 19200 19200 19200 19200 19200 19200 19200 19200 19200 19200 19200 19200 19200 19200 19200 19200 19200 19200 19200 19200 19200 19200 19200 19200 19200 19200 19200 9 3 2 0 
19200 19200 19200 19200 19200 19200 19200 19200 19200 19200 19200 19200 19200 19200 19200 19200 19200 19200 19200 19200 19200 19200 19200 19200 19200 19200 19200 19200 19200 19200 19200 19200 19200 19200 19200 12 10 2 1 0 
19200 19200 19200 19200 19200 19200 19200 19200 19200 19200 19200 19200 19200 19200 19200 19200 19200 19200 19200 19200 19200 19200 19200 19200 19200 19200 19200 19200 19200 19200 19200 19200 19200 19 12 11 12 2 1 0 
19200 19200 19200 19200 19200 19200 19200 19200 19200 19200 19200 19200 19200 19200 19200 19200 19200 19200 19200 19200 19200 19200 19200 19200 19200 19200 19200 19200 19200 19200 19200 19200 19200 18 11 10 9 2 1 0 
19200 19200 19200 19200 19200 19200 19200 19200 19200 19200 19200 19200 19200 19200 19200 19200 19200 19200 19200 19200 19200 19200 19200 19200 19200 19200 19200 19200 19200 19200 19200 19200 19200 17 10 9 8 3 2 0 
19200 19200 19200 19200 19200 19200 19200 19200 19200 19200 19200 19200 19200 19200 19200 19200 19200 19200 19200 19200 19200 19200 19200 19200 19200 19200 19200 19200 19200 19200 19200 19200 19200 16 9 8 7 4 3 0 
19200 19200 19200 19200 19200 19200 19200 19200 19200 19200 19200 19200 19200 19200 19200 19200 19200 19200 19200 19200 19200 19200 19200 19200 19200 19200 19200 19200 19200 19200 19200 19200 19200 15 10 9 6 5 4 0 
19200 19200 19200 19200 19200 19200 19200 19200 19200 19200 19200 19200 19200 19200 19200 19200 19200 19200 19200 19200 19200 19200 19200 19200 19200 19200 19200 19200 19200 19200 19200 19200 17 14 11 10 7 6 5 0 
19200 19200 19200 19200 19200 19200 19200 19200 19200 19200 19200 19200 19200 19200 19200 19200 19200 19200 19200 19200 19200 19200 19200 19200 19200 19200 19200 19200 19200 19200 19200 19200 16 13 12 9 8 7 8 0 
19200 19200 19200 19200 19200 19200 19200 19200 19200 19200 19200 19200 19200 19200 19200 19200 19200 19200 19200 19200 19200 19200 19200 19200 19200 19200 19200 19200 19200 19200 19200 19200 15 14 13 10 9 8 9 0 
19200 19200 19200 19200 19200 19200 19200 19200 19200 19200 19200 19200 19200 19200 19200 19200 19200 19200 19200 19200 19200 19200 19200 19200 19200 19200 19200 19200 19200 19200 19200 19200 16 15 14 11 10 9 10 0 
19200 19200 19200 19200 19200 19200 19200 19200 19200 19200 19200 19200 19200 19200 19200 19200 19200 19200 19200 19200 19200 19200 19200 19200 19200 19200 19200 19200 19200 19200 19200 19200 17 16 15 12 11 10 11 0 
19200 19200 19200 19200 19200 19200 19200 19200 19200 19200 19200 19200 19200 19200 19200 19200 19200 19200 19200 19200 19200 19200 19200 19200 19200 19200 19200 19200 19200 19200 19200 19200 17 16 15 13 12 11 12 0 
19200 19200 19200 19200 19200 19200 19200 19200 19200 19200 19200 19200 19200 19200 19200 19200 19200 19200 19200 19200 19200 19200 19200 19200 19200 19200 19200 19200 19200 19200 19200 19200 16 15 14 13 12 11 12 0 
19200 19200 19200 19200 19200 19200 19200 19200 19200 19200 19200 19200 19200 19200 19200 19200 19200 19200 19200 19200 19200 19200 19200 19200 19200 19200 19200 19200 19200 19200 19200 19200 15 14 13 12 11 10 1 0 
19200 19200 19200 19200 19200 19200 19200 19200 19200 19200 19200 19200 19200 19200 19200 19200 19200 19200 19200 19200 19200 19200 19200 19200 19200 19200 19200 19200 19200 19200 19200 19200 14 13 12 11 10 9 1 0 
19200 19200 19200 19200 19200 19200 19200 19200 19200 19200 19200 19200 19200 19200 19200 19200 19200 19200 19200 19200 19200 19200 19200 19200 19200 19200 19200 19200 19200 19200 19200 19200 15 12 11 10 9 8 2 0 
19200 19200 19200 19200 19200 19200 19200 19200 19200 19200 19200 19200 19200 19200 19200 19200 19200 19200 19200 19200 19200 19200 19200 19200 19200 19200 19200 19200 19200 19200 19200 19200 19200 11 10 9 8 7 3 0 
19200 19200 19200 19200 19200 19200 19200 19200 19200 19200 19200 19200 19200 19200 19200 19200 19200 19200 19200 19200 19200 19200 19200 19200 19200 19200 19200 19200 19200 19200 19200 19200 19200 10 9 8 7 6 4 0 
19200 19200 19200 19200 19200 19200 19200 19200 19200 19200 19200 19200 19200 19200 19200 19200 19200 19200 19200 19200 19200 19200 19200 19200 19200 19200 19200 19200 19200 19200 19200 19200 19200 9 8 7 6 5 4 0 
19200 19200 19200 19200 19200 19200 19200 19200 19200 19200 19200 19200 19200 19200 19200 19200 19200 19200 19200 19200 19200 19200 19200 19200 19200 19200 19200 19200 19200 19200 19200 19200 19200 8 7 6 5 4 3 0 
19200 19200 19200 19200 19200 19200 19200 19200 19200 19200 19200 19200 19200 19200 19200 19200 19200 19200 19200 19200 19200 19200 19200 19200 19200 19200 19200 19200 19200 19200 19200 19200 19200 7 6 5 4 3 2 0 
19200 19200 19200 19200 19200 19200 19200 19200 19200 19200 19200 19200 19200 19200 19200 19200 19200 19200 19200 19200 19200 19200 19200 19200 19200 19200 19200 19200 19200 19200 19200 19200 19200 19200 5 4 3 2 1 0 
19200 19200 19200 19200 19200 19200 19200 19200 19200 19200 19200 19200 19200 19200 19200 19200 19200 19200 19200 19200 19200 19200 19200 19200 19200 19200 19200 19200 19200 19200 19200 19200 19200 19200 5 4 3 2 1 0 
19200 19200 19200 19200 19200 19200 19200 19200 19200 19200 19200 19200 19200 19200 19200 19200 19200 19200 19200 19200 19200 19200 19200 19200 19200 19200 19200 19200 19200 19200 19200 19200 19200 17 6 4 3 2 1 0 
19200 19200 19200 19200 19200 19200 19200 19200 19200 19200 19200 19200 19200 19200 19200 19200 19200 19200 19200 19200 19200 19200 19200 19200 19200 19200 19200 19200 19200 19200 19200 19200 15 16 7 4 3 2 1 0 
19200 19200 19200 19200 19200 19200 19200 19200 19200 19200 19200 19200 19200 19200 19200 19200 19200 19200 19200 19200 19200 19200 19200 19200 19200 19200 19200 19200 19200 19200 19200 19200 14 15 16 4 3 2 1 0 
19200 19200 19200 19200 19200 19200 19200 19200 19200 19200 19200 19200 19200 19200 19200 19200 19200 19200 19200 19200 19200 19200 19200 19200 19200 19200 19200 19200 19200 19200 15 14 13 14 15 4 3 2 1 0 
19200 19200 19200 19200 19200 19200 19200 19200 19200 19200 19200 19200 19200 19200 19200 19200 19200 19200 19200 19200 19200 19200 19200 19200 19200 19200 19200 19200 19200 19200 14 13 12 11 12 4 3 2 1 0 
19200 19200 19200 19200 19200 19200 19200 19200 19200 19200 19200 19200 19200 19200 19200 19200 19200 19200 19200 19200 19200 19200 19200 19200 19200 19200 19200 19200 19200 19200 13 12 11 10 11 4 3 2 1 0 
19200 19200 19200 19200 19200 19200 19200 19200 19200 19200 19200 19200 19200 19200 19200 19200 19200 19200 19200 19200 19200 19200 19200 19200 19200 19200 19200 19200 19200 19200 12 11 10 9 10 4 3 2 1 0 
19200 19200 19200 19200 19200 19200 19200 19200 19200 19200 19200 19200 19200 19200 19200 19200 19200 19200 19200 19200 19200 19200 19200 19200 19200 19200 19200 19200 19200 19200 11 10 9 8 9 4 3 2 1 0 
19200 19200 19200 19200 19200 19200 19200 19200 19200 19200 19200 19200 19200 19200 19200 19200 19200 19200 19200 19200 19200 19200 19200 19200 19200 19200 19200 19200 19200 19200 10 9 8 7 6 4 3 2 1 0 
19200 19200 19200 19200 19200 19200 19200 19200 19200 19200 19200 19200 19200 19200 19200 19200 19200 19200 19200 19200 19200 19200 19200 19200 19200 19200 19200 19200 19200 19200 9 8 7 6 5 4 3 2 1 0 
19200 19200 19200 19200 19200 19200 19200 19200 19200 19200 19200 19200 19200 19200 19200 19200 19200 19200 19200 19200 19200 19200 19200 19200 19200 19200 19200 19200 19200 19200 9 8 7 6 5 4 3 2 1 0 
19200 19200 19200 19200 19200 19200 19200 19200 19200 19200 19200 19200 19200 19200 19200 19200 19200 19200 19200 19200 19200 19200 19200 19200 19200 19200 19200 19200 19200 18 9 8 7 6 5 4 3 2 1 0 
19200 19200 19200 19200 19200 19200 19200 19200 19200 19200 19200 19200 19200 19200 19200 19200 19200 19200 19200 19200 19200 19200 19200 19200 19200 19200 19200 19200 18 17 9 8 7 6 5 4 3 2 1 0 
19200 19200 19200 19200 19200 19200 19200 19200 19200 19200 19200 19200 19200 19200 19200 19200 19200 19200 19200 19200 19200 19200 19200 19200 19200 19200 19 18 17 16 9 8 7 6 5 4 3 2 1 0 
19200 19200 19200 19200 19200 19200 19200 19200 19200 19200 19200 19200 19200 19200 19200 19200 19200 19200 19200 19200 19200 19200 19200 19200 19200 19200 18 17 16 15 10 9 7 6 5 4 3 2 1 0 
19200 19200 19200 19200 19200 19200 19200 19200 19200 19200 19200 19200 19200 19200 19200 19200 19200 19200 19200 19200 19200 19200 19200 64 65 66 17 16 15 14 11 10 7 6 5 4 3 2 1 0 
19200 19200 19200 19200 19200 19200 19200 19200 19200 19200 19200 19200 19200 19200 19200 19200 19200 19200 19200 19200 19200 19200 19200 63 64 65 16 15 14 13 12 9 8 7 6 5 4 3 2 0 
19200 19200 19200 19200 19200 19200 19200 19200 19200 19200 19200 19200 19200 19200 19200 19200 19200 19200 19200 19200 19200 19200 61 62 63 64 17 16 15 14 13 10 9 8 7 6 5 4 3 0 
19200 19200 19200 19200 19200 19200 19200 19200 19200 19200 19200 19200 19200 19200 19200 19200 19200 19200 19200 19200 19200 19200 60 61 62 63 16 15 14 13 12 11 10 9 8 7 6 7 4 0 
19200 19200 19200 19200 19200 19200 19200 19200 19200 19200 19200 19200 19200 19200 19200 19200 19200 19200 19200 19200 19200 60 59 60 61 62 17 16 15 14 13 12 11 10 9 8 7 8 9 0 
19200 19200 19200 19200 19200 19200 19200 19200 19200 19200 19200 19200 19200 19200 19200 19200 19200 19200 19200 19200 58 59 58 59 60 61 18 17 16 15 14 13 12 11 10 9 8 9 10 0 
19200 19200 19200 19200 19200 19200 19200 19200 19200 19200 19200 19200 19200 19200 19200 19200 19200 19200 19200 56 57 58 57 58 59 60 19 18 17 16 15 14 13 12 11 10 11 12 13 0 
19200 19200 19200 19200 19200 19200 19200 19200 19200 19200 19200 19200 19200 19200 19200 19200 19200 19200 56 55 56 55 56 57 58 59 20 19 18 17 16 15 14 13 12 11 12 13 14 0 
19200 19200 19200 19200 19200 19200 19200 19200 19200 19200 19200 19200 19200 19200 19200 19200 19200 52 53 54 55 54 55 56 57 22 21 20 19 18 17 16 15 14 15 12 13 14 15 0 
19200 19200 19200 19200 19200 19200 19200 19200 19200 19200 19200 19200 19200 19200 19200 19200 19200 51 52 53 54 53 54 55 30 23 22 21 20 19 18 17 16 17 18 19 14 15 16 0 
19200 19200 19200 19200 19200 19200 19200 19200 19200 19200 19200 19200 55 54 53 52 51 50 51 50 51 52 53 54 29 24 23 22 21 20 19 18 17 18 19 20 21 22 23 0 
19200 19200 19200 19200 19200 19200 19200 19200 19200 19200 19200 19200 54 53 52 51 50 49 48 49 50 51 52 37 28 25 24 23 22 21 20 19 18 19 20 21 22 23 24 0 
19200 19200 19200 19200 19200 19200 19200 19200 19200 19200 19200 19200 53 52 51 50 49 48 47 48 49 50 37 36 27 26 25 24 23 22 21 20 19 20 21 22 23 24 25 0 
19200 19200 19200 19200 19200 19200 19200 19200 19200 19200 19200 19200 52 51 50 49 48 47 46 47 48 43 36 35 28 27 26 25 24 23 22 21 20 21 22 23 24 25 26 0 
19200 19200 19200 19200 19200 19200 19200 19200 19200 19200 19200 19200 51 50 49 48 47 46 45 46 47 42 35 34 29 28 27 26 25 24 23 22 21 22 23 24 25 26 27 0 
19200 19200 19200 19200 19200 19200 19200 19200 19200 19200 19200 19200 50 49 48 47 46 45 44 45 46 41 34 33 30 29 28 27 26 25 24 23 22 23 24 25 26 27 28 0 
19200 19200 19200 19200 19200 19200 19200 19200 19200 19200 19200 19200 49 48 47 46 45 44 43 42 41 40 33 32 31 30 29 28 27 26 25 24 23 24 25 26 27 28 29 0 
19200 19200 19200 19200 19200 19200 19200 19200 19200 19200 19200 19200 48 47 46 45 44 43 42 41 40 39 34 33 32 31 30 29 28 27 26 25 26 27 28 29 30 31 32 0 
19200 19200 19200 19200 19200 19200 19200 19200 19200 19200 19200 19200 49 46 45 44 43 42 41 40 39 38 35 34 33 32 31 30 29 28 27 26 27 28 29 30 31 32 33 0 
19200 19200 19200 19200 19200 19200 19200 19200 19200 19200 19200 19200 50 45 44 43 42 41 40 39 38 37 36 35 34 33 32 31 30 29 28 27 28 29 30 31 32 33 34 0 
19200 19200 19200 19200 19200 19200 19200 19200 19200 19200 19200 19200 51 46 45 44 43 42 41 40 39 38 37 36 35 34 33 32 31 30 29 28 29 30 31 32 33 34 35 0 
19200 19200 19200 19200 19200 19200 19200 19200 19200 19200 19200 19200 48 47 46 45 44 43 42 41 40 39 38 37 36 35 34 33 32 31 30 29 30 31 32 33 34 35 36 0 
19200 19200 19200 19200 19200 19200 19200 19200 19200 19200 19200 19200 49 48 47 46 45 44 43 42 41 40 39 38 37 36 35 34 33 32 33 30 31 32 33 34 35 36 37 0 
19200 19200 19200 19200 19200 19200 19200 19200 19200 19200 19200 19200 50 49 48 47 46 45 44 43 42 41 40 39 38 37 36 35 34 33 34 31 32 33 34 35 36 37 38 0 
19200 19200 19200 19200 19200 19200 19200 19200 19200 19200 19200 19200 51 50 49 48 47 46 45 44 43 42 41 40 39 38 37 36 35 36 37 38 33 34 35 36 37 38 39 0 
19200 19200 19200 19200 19200 19200 19200 19200 19200 19200 19200 19200 52 51 50 49 48 47 46 45 44 43 42 41 40 39 38 37 36 37 38 39 40 41 36 37 38 39 5 0 
19200 19200 19200 19200 19200 19200 19200 19200 19200 19200 19200 19200 53 52 51 50 49 48 47 46 45 44 43 42 41 40 39 38 37 38 39 40 41 42 37 38 39 40 4 0 
19200 19200 19200 19200 19200 19200 19200 19200 19200 19200 19200 19200 54 53 52 51 50 49 48 47 46 45 44 43 42 41 40 39 38 39 40 41 42 43 44 39 40 41 3 0 
19200 19200 19200 19200 19200 19200 19200 19200 19200 19200 19200 19200 55 54 53 52 51 50 49 48 47 46 45 44 43 42 41 40 39 40 41 42 43 44 45 46 47 3 2 0 
19200 19200 19200 19200 19200 19200 19200 19200 19200 19200 19200 19200 56 55 54 53 52 51 50 49 48 47 46 45 44 43 44 41 40 41 42 43 44 45 46 47 48 2 1 0 
19200 19200 19200 19200 19200 19200 19200 19200 19200 19200 19200 19200 57 56 55 54 53 52 51 50 49 48 47 46 45 44 45 46 47 48 43 44 45 46 47 48 49 2 1 0 
19200 19200 19200 19200 19200 19200 19200 19200 19200 19200 19200 19200 58 57 56 55 54 53 52 51 50 49 48 47 46 45 46 47 48 49 44 45 46 47 48 49 50 3 1 0 
19200 19200 19200 19200 19200 19200 19200 19200 19200 19200 19200 19200 59 58 57 56 55 54 53 52 51 50 49 48 47 46 47 48 49 50 45 46 47 48 49 50 51 4 1 0 
19200 19200 19200 19200 19200 19200 19200 19200 19200 19200 19200 19200 60 59 58 57 56 55 54 53 52 51 50 49 50 51 48 49 50 51 46 47 48 49 50 51 52 2 1 0 
19200 19200 19200 19200 19200 19200 19200 19200 19200 19200 19200 19200 61 60 59 58 57 56 55 54 53 52 51 52 53 54 55 56 57 58 47 48 49 50 51 11 12 2 1 0 
19200 19200 19200 19200 19200 19200 19200 19200 19200 19200 19200 19200 62 61 60 59 58 57 56 55 54 53 52 53 54 55 56 57 58 59 48 49 50 51 11 10 11 3 1 0 
19200 19200 19200 19200 19200 19200 19200 19200 19200 19200 19200 19200 63 62 61 60 59 58 57 56 55 54 53 54 55 56 57 58 59 60 49 50 51 52 10 9 10 4 1 0 
19200 19200 19200 19200 19200 19200 19200 19200 19200 19200 19200 65 64 63 62 61 60 59 58 57 58 55 54 55 56 57 58 59 60 61 62 51 52 10 9 8 9 5 2 0 
19200 19200 19200 19200 19200 19200 19200 19200 19200 19200 19200 66 65 64 63 62 61 60 59 60 61 62 63 64 65 66 67 68 69 70 71 72 10 9 8 7 8 5 3 0 
19200 19200 19200 19200 19200 19200 19200 19200 19200 19200 19200 67 66 65 64 63 62 61 60 61 62 63 64 65 66 67 68 69 70 71 72 20 9 8 7 6 5 4 3 0 
19200 19200 19200 19200 19200 19200 19200 19200 19200 19200 19200 19200 67 66 65 64 63 62 63 64 65 64 65 66 67 68 69 70 71 72 73 19 8 7 6 5 4 3 2 0 
19200 19200 19200 19200 19200 19200 19200 19200 19200 19200 19200 19200 68 67 66 65 64 63 64 65 66 65 66 67 68 69 70 71 72 73 17 18 7 6 5 4 3 2 1 0 
19200 19200 19200 19200 19200 19200 19200 19200 19200 19200 19200 19200 19200 19200 67 66 65 64 65 66 67 66 67 68 69 70 71 72 73 74 16 15 16 7 6 5 4 2 1 0 
19200 19200 19200 19200 19200 19200 19200 19200 19200 19200 19200 19200 19200 19200 19200 67 66 65 66 67 68 67 68 69 70 71 72 73 74 16 15 14 15 8 7 6 5 3 1 0 
19200 19200 19200 19200 19200 19200 19200 19200 19200 19200 19200 19200 19200 19200 19200 19200 19200 66 67 68 69 68 69 70 71 72 73 74 75 15 14 13 12 9 8 7 6 4 2 0 
19200 19200 19200 19200 19200 19200 19200 19200 19200 19200 19200 19200 19200 19200 19200 19200 19200 19200 19200 19200 19200 19200 19200 19200 19200 19200 74 75 76 14 13 12 11 10 9 8 7 5 3 0 
19200 19200 19200 19200 19200 19200 19200 19200 19200 19200 19200 19200 19200 19200 19200 19200 19200 19200 19200 19200 19200 19200 19200 19200 19200 19200 19200 76 16 15 14 13 12 11 10 9 8 5 4 0 
19200 19200 19200 19200 19200 19200 19200 19200 19200 19200 19200 19200 19200 19200 19200 19200 19200 19200 19200 19200 19200 19200 19200 19200 19200 19200 19200 77 17 16 15 14 13 12 11 10 9 4 3 0 
19200 19200 19200 19200 19200 19200 19200 19200 19200 19200 19200 19200 19200 19200 19200 19200 19200 19200 19200 19200 19200 19200 19200 19200 19200 19200 26 25 18 17 16 15 14 13 12 11 12 3 2 0 
19200 19200 19200 19200 19200 19200 19200 19200 19200 19200 19200 19200 19200 19200 19200 19200 19200 19200 19200 19200 19200 19200 19200 19200 19200 19200 25 24 19 18 17 16 15 14 13 12 13 2 1 0 
19200 19200 19200 19200 19200 19200 19200 19200 19200 19200 19200 19200 19200 19200 19200 19200 19200 19200 19200 19200 19200 19200 19200 19200 19200 19200 24 23 20 19 18 17 16 15 14 13 14 2 1 0 
19200 19200 19200 19200 19200 19200 19200 19200 19200 19200 19200 19200 19200 19200 19200 19200 19200 19200 19200 19200 19200 19200 19200 19200 19200 19200 23 22 21 20 19 18 17 16 15 14 15 3 2 0 
19200 19200 19200 19200 19200 19200 19200 19200 19200 19200 19200 19200 19200 19200 19200 19200 19200 19200 19200 19200 19200 19200 19200 19200 19200 19200 23 22 21 20 19 18 17 16 15 14 15 4 3 0 
19200 19200 19200 19200 19200 19200 19200 19200 19200 19200 19200 19200 19200 19200 19200 19200 19200 19200 19200 19200 19200 19200 19200 19200 19200 19200 24 23 20 19 18 17 16 15 14 13 14 5 4 0 
19200 19200 19200 19200 19200 19200 19200 19200 19200 19200 19200 19200 19200 19200 19200 19200 19200 19200 19200 19200 19200 19200 19200 19200 19200 19200 25 24 19 18 17 16 15 14 13 12 11 6 5 0 
19200 19200 19200 19200 19200 19200 19200 19200 19200 19200 19200 19200 19200 19200 19200 19200 19200 19200 19200 19200 19200 19200 19200 19200 19200 25 24 23 20 19 18 17 16 14 12 11 10 7 6 0 
19200 19200 19200 19200 19200 19200 19200 19200 19200 19200 19200 19200 19200 19200 19200 19200 19200 19200 19200 19200 19200 19200 19200 19200 27 24 23 22 21 20 19 18 17 13 11 10 9 8 7 0 
19200 19200 19200 19200 19200 19200 19200 19200 19200 19200 19200 19200 19200 19200 19200 19200 19200 19200 19200 19200 19200 19200 19200 19200 26 25 24 23 22 21 20 19 18 12 11 10 9 8 8 0 
19200 19200 19200 19200 19200 19200 19200 19200 19200 19200 19200 19200 19200 19200 19200 19200 19200 19200 19200 19200 19200 19200 19200 19200 27 26 25 24 23 22 21 20 19 11 10 9 8 7 8 0 
19200 19200 19200 19200 19200 19200 19200 19200 19200 19200 19200 19200 19200 19200 19200 19200 19200 19200 19200 19200 19200 19200 19200 19200 28 27 26 25 24 23 22 21 20 10 9 8 7 6 7 0 
19200 19200 19200 19200 19200 19200 19200 19200 19200 19200 19200 19200 19200 19200 19200 19200 19200 19200 19200 19200 19200 19200 19200 19200 31 28 27 26 25 24 23 22 21 9 8 7 6 5 2 0 
19200 19200 19200 19200 19200 19200 19200 19200 19200 19200 19200 19200 19200 19200 19200 19200 19200 19200 19200 19200 19200 19200 19200 19200 30 29 28 27 26 25 26 23 22 8 7 6 5 4 1 0 
19200 19200 19200 19200 19200 19200 19200 19200 19200 19200 19200 19200 19200 19200 19200 19200 19200 19200 19200 19200 19200 19200 19200 19200 31 30 29 28 27 26 27 28 23 7 6 5 4 3 1 0 
19200 19200 19200 19200 19200 19200 19200 19200 19200 19200 19200 19200 19200 19200 19200 19200 19200 19200 19200 19200 19200 19200 19200 19200 32 31 30 31 28 27 28 29 24 8 7 4 3 2 1 0 
19200 19200 19200 19200 19200 19200 19200 19200 19200 19200 19200 19200 19200 19200 19200 19200 19200 19200 19200 19200 19200 19200 19200 19200 33 32 31 32 29 28 29 30 25 7 6 4 3 2 1 0 
19200 19200 19200 19200 19200 19200 19200 19200 19200 19200 19200 19200 19200 19200 19200 19200 19200 19200 19200 19200 19200 19200 19200 19200 34 33 32 33 30 29 30 31 26 6 5 4 3 2 1 0 
19200 19200 19200 19200 19200 19200 19200 19200 19200 19200 19200 19200 19200 19200 19200 19200 19200 19200 19200 19200 19200 19200 19200 19200 19200 34 33 34 35 30 31 32 27 6 5 4 3 2 1 0 
19200 19200 19200 19200 19200 19200 19200 19200 19200 19200 19200 19200 19200 19200 19200 19200 19200 19200 19200 19200 19200 19200 19200 19200 36 35 34 35 36 31 32 33 8 6 5 4 3 2 1 0 
19200 19200 19200 19200 19200 19200 19200 19200 19200 19200 19200 19200 19200 19200 19200 19200 19200 19200 19200 19200 19200 19200 19200 19200 19200 36 35 36 37 32 33 34 7 6 5 4 3 2 1 0 
19200 19200 19200 19200 19200 19200 19200 19200 19200 19200 19200 19200 19200 19200 19200 19200 19200 19200 19200 19200 19200 19200 19200 19200 19200 19200 19200 37 38 33 34 11 8 7 5 4 3 2 1 0 
19200 19200 19200 19200 19200 19200 19200 19200 19200 19200 19200 19200 19200 19200 19200 19200 19200 19200 19200 19200 19200 19200 19200 19200 19200 19200 19200 19200 19200 34 35 10 9 8 6 5 4 3 2 0 
19200 19200 19200 19200 19200 19200 19200 19200 19200 19200 19200 19200 19200 19200 19200 19200 19200 19200 19200 19200 19200 19200 19200 19200 19200 19200 19200 19200 19200 19200 13 10 9 8 7 6 5 4 3 0 
19200 19200 19200 19200 19200 19200 19200 19200 19200 19200 19200 19200 19200 19200 19200 19200 19200 19200 19200 19200 19200 19200 19200 19200 19200 19200 19200 19200 19200 19200 12 11 10 9 8 7 6 5 6 0 
19200 19200 19200 19200 19200 19200 19200 19200 19200 19200 19200 19200 19200 19200 19200 19200 19200 19200 19200 19200 19200 19200 19200 19200 19200 19200 19200 19200 19200 19200 13 12 11 10 9 8 7 8 9 0 
19200 19200 19200 19200 19200 19200 19200 19200 19200 19200 19200 19200 19200 19200 19200 19200 19200 19200 19200 19200 19200 19200 19200 19200 19200 19200 19200 19200 19200 19200 14 13 12 13 10 9 8 9 10 0 
19200 19200 19200 19200 19200 19200 19200 19200 19200 19200 19200 19200 19200 19200 19200 19200 19200 19200 19200 19200 19200 19200 19200 19200 19200 19200 19200 19200 19200 19200 15 14 13 14 11 10 9 10 10 0 
19200 19200 19200 19200 19200 19200 19200 19200 19200 19200 19200 19200 19200 19200 19200 19200 19200 19200 19200 19200 19200 19200 19200 19200 19200 19200 19200 19200 19200 19200 19200 15 14 15 12 11 10 10 9 0 
19200 19200 19200 19200 19200 19200 19200 19200 19200 19200 19200 19200 19200 19200 19200 19200 19200 19200 19200 19200 19200 19200 19200 19200 19200 19200 19200 19200 19200 19200 19200 19200 19200 19200 13 11 10 9 8 0 
19200 19200 19200 19200 19200 19200 19200 19200 19200 19200 19200 19200 19200 19200 19200 19200 19200 19200 19200 19200 19200 19200 19200 19200 19200 19200 19200 19200 19200 19200 19200 19200 19200 19200 14 10 9 8 7 0 
19200 19200 19200 19200 19200 19200 19200 19200 19200 19200 19200 19200 19200 19200 19200 19200 19200 19200 19200 19200 19200 19200 19200 19200 19200 19200 19200 19200 19200 19200 19200 19200 19200 19200 19200 9 8 7 6 0 
19200 19200 19200 19200 19200 19200 19200 19200 19200 19200 19200 19200 19200 19200 19200 19200 19200 19200 19200 19200 19200 19200 19200 19200 19200 19200 19200 19200 19200 19200 19200 19200 19200 19200 19200 8 7 6 5 0 
19200 19200 19200 19200 19200 19200 19200 19200 19200 19200 19200 19200 19200 19200 19200 19200 19200 19200 19200 19200 19200 19200 19200 19200 19200 19200 19200 19200 19200 19200 19200 19200 19200 19200 19200 7 6 5 4 0 
19200 19200 19200 19200 19200 19200 19200 19200 19200 19200 19200 19200 19200 19200 19200 19200 19200 19200 19200 19200 19200 19200 19200 19200 19200 19200 19200 19200 19200 19200 19200 19200 19200 19200 19200 6 5 4 3 0 
19200 19200 19200 19200 19200 19200 19200 19200 19200 19200 19200 19200 19200 19200 19200 19200 19200 19200 19200 19200 19200 19200 19200 19200 19200 19200 19200 19200 19200 19200 19200 19200 19200 19200 19200 5 4 3 2 0 
19200 19200 19200 19200 19200 19200 19200 19200 19200 19200 19200 19200 19200 19200 19200 19200 19200 19200 19200 19200 19200 19200 19200 19200 19200 19200 19200 19200 19200 19200 19200 19200 19200 19200 19200 4 3 2 1 0 
19200 19200 19200 19200 19200 19200 19200 19200 19200 19200 19200 19200 19200 19200 19200 19200 19200 19200 19200 19200 19200 19200 19200 19200 19200 19200 19200 19200 19200 19200 19200 19200 19200 19200 19200 4 3 2 1 0 
19200 19200 19200 19200 19200 19200 19200 19200 19200 19200 19200 19200 19200 19200 19200 19200 19200 19200 19200 19200 19200 19200 19200 19200 19200 19200 19200 19200 19200 19200 19200 19200 19200 19200 19200 4 3 2 1 0 
19200 19200 19200 19200 19200 19200 19200 19200 19200 19200 19200 19200 19200 19200 19200 19200 19200 19200 19200 19200 19200 19200 19200 19200 19200 19200 19200 19200 19200 19200 19200 19200 19200 19200 19200 19200 3 2 1 0 
19200 19200 19200 19200 19200 19200 19200 19200 19200 19200 19200 19200 19200 19200 19200 19200 19200 19200 19200 19200 19200 19200 19200 19200 19200 19200 19200 19200 19200 19200 19200 19200 19200 19200 19200 19200 4 3 2 0 
19200 19200 19200 19200 19200 19200 19200 19200 19200 19200 19200 19200 19200 19200 19200 19200 19200 19200 19200 19200 19200 19200 19200 19200 19200 19200 19200 19200 19200 19200 19200 19200 19200 19200 19200 6 5 4 3 0 
19200 19200 19200 19200 19200 19200 19200 19200 19200 19200 19200 19200 19200 19200 19200 19200 19200 19200 19200 19200 19200 19200 19200 19200 19200 19200 19200 19200 19200 19200 19200 19200 19200 19200 8 7 6 5 2 0 
19200 19200 19200 19200 19200 19200 19200 19200 19200 19200 19200 19200 19200 19200 19200 19200 19200 19200 19200 19200 19200 19200 19200 19200 19200 19200 19200 19200 19200 19200 19200 19200 19200 19200 9 8 7 6 1 0 
19200 19200 19200 19200 19200 19200 19200 19200 19200 19200 19200 19200 19200 19200 19200 19200 19200 19200 19200 19200 19200 19200 19200 19200 19200 19200 19200 19200 19200 19200 19200 19200 19200 19200 19200 19200 19200 19200 1 0 
19200 19200 19200 19200 19200 19200 19200 19200 19200 19200 19200 19200 19200 19200 19200 19200 19200 19200 19200 19200 19200 19200 19200 19200 19200 19200 19200 19200 19200 19200 19200 19200 19200 19200 19200 19200 19200 19200 1 0 
19200 19200 19200 19200 19200 19200 19200 19200 19200 19200 19200 19200 19200 19200 19200 19200 19200 19200 19200 19200 19200 19200 19200 19200 19200 19200 19200 19200 19200 19200 19200 19200 19200 19200 19200 19200 19200 19200 1 0 
19200 19200 19200 19200 19200 19200 19200 19200 19200 19200 19200 19200 19200 19200 19200 19200 19200 19200 19200 19200 19200 19200 19200 19200 19200 19200 19200 19200 19200 19200 19200 19200 19200 19200 19200 19200 19200 19200 1 0 
19200 19200 19200 19200 19200 19200 19200 19200 19200 19200 19200 19200 19200 19200 19200 19200 19200 19200 19200 19200 19200 19200 19200 19200 19200 19200 19200 19200 19200 19200 19200 19200 19200 19200 19200 19200 19200 19200 1 0 
19200 19200 19200 19200 19200 19200 19200 19200 19200 19200 19200 19200 19200 19200 19200 19200 19200 19200 19200 19200 19200 19200 19200 19200 19200 19200 19200 19200 19200 19200 19200 19200 19200 19200 19200 19200 19200 19200 2 0 
19200 19200 19200 19200 19200 19200 19200 19200 19200 19200 19200 19200 19200 19200 19200 19200 19200 19200 19200 19200 19200 19200 19200 19200 19200 19200 19200 19200 19200 19200 19200 19200 19200 19200 19200 19200 19200 19200 3 0 
19200 19200 19200 19200 19200 19200 19200 19200 19200 19200 19200 19200 19200 19200 19200 19200 19200 19200 19200 19200 19200 19200 19200 19200 19200 19200 19200 19200 19200 19200 19200 19200 19200 19200 19200 19200 19200 4 3 0 
19200 19200 19200 19200 19200 19200 19200 19200 19200 19200 19200 19200 19200 19200 19200 19200 19200 19200 19200 19200 19200 19200 19200 19200 19200 19200 19200 19200 19200 19200 19200 19200 19200 19200 19200 19200 19200 3 2 0 
19200 19200 19200 19200 19200 19200 19200 19200 19200 19200 19200 19200 19200 19200 19200 19200 19200 19200 19200 19200 19200 19200 19200 19200 19200 19200 19200 19200 19200 19200 19200 19200 19200 19200 19200 19200 19200 2 1 0 
19200 19200 19200 19200 19200 19200 19200 19200 19200 19200 19200 19200 19200 19200 19200 19200 19200 19200 19200 19200 19200 19200 19200 19200 19200 19200 19200 19200 19200 19200 19200 19200 19200 19200 19200 19200 3 2 1 0 
19200 19200 19200 19200 19200 19200 19200 19200 19200 19200 19200 19200 19200 19200 19200 19200 19200 19200 19200 19200 19200 19200 19200 19200 19200 19200 19200 19200 19200 19200 19200 19200 19200 19200 19200 7 4 3 1 0 
19200 19200 19200 19200 19200 19200 19200 19200 19200 19200 19200 19200 19200 19200 19200 19200 19200 19200 19200 19200 19200 19200 19200 19200 19200 19200 19200 19200 19200 19200 19200 18 17 18 19 6 5 4 1 0 
19200 19200 19200 19200 19200 19200 19200 19200 19200 19200 19200 19200 19200 19200 19200 19200 19200 19200 19200 19200 19200 19200 19200 19200 19200 19200 19200 19200 19200 19200 18 17 16 17 10 7 6 5 1 0 
19200 19200 19200 19200 19200 19200 19200 19200 19200 19200 19200 19200 19200 19200 19200 19200 19200 19200 19200 19200 19200 19200 19200 19200 19200 19200 19200 19200 19200 19200 17 16 15 14 9 8 7 6 1 0 
19200 19200 19200 19200 19200 19200 19200 19200 19200 19200 19200 19200 19200 19200 19200 19200 19200 19200 19200 19200 19200 19200 19200 19200 19200 19200 19200 19200 19200 19 18 15 14 13 10 8 7 7 1 0 
19200 19200 19200 19200 19200 19200 19200 19200 19200 19200 19200 19200 19200 19200 19200 19200 19200 19200 19200 19200 19200 19200 19200 19200 19200 115 116 117 19 18 17 14 13 12 11 7 6 7 1 0 
19200 19200 19200 19200 19200 19200 19200 19200 19200 19200 19200 19200 19200 19200 19200 19200 19200 19200 19200 19200 19200 19200 19200 19200 115 114 115 116 20 17 16 15 14 13 7 6 5 6 1 0 
19200 19200 19200 19200 19200 19200 19200 19200 19200 19200 19200 19200 19200 19200 19200 19200 19200 19200 19200 19200 19200 19200 19200 19200 114 113 114 115 21 17 16 16 15 14 6 5 4 3 1 0 
19200 19200 19200 19200 19200 19200 19200 19200 19200 19200 19200 19200 19200 19200 19200 19200 19200 19200 19200 19200 19200 19200 19200 116 113 112 113 114 22 16 15 16 16 8 7 6 3 2 1 0 
19200 19200 19200 19200 19200 19200 19200 19200 19200 19200 19200 19200 19200 19200 19200 19200 19200 19200 19200 19200 19200 19200 114 115 112 111 112 113 23 15 14 15 8 7 6 5 3 2 1 0 
19200 19200 19200 19200 19200 19200 19200 19200 19200 19200 19200 19200 19200 19200 19200 19200 19200 19200 19200 19200 19200 19200 113 114 111 110 111 112 15 14 13 12 9 6 5 4 3 2 1 0 
19200 19200 19200 19200 19200 19200 19200 19200 19200 19200 19200 19200 19200 19200 19200 19200 19200 19200 19200 19200 114 113 112 113 110 109 110 111 14 13 12 11 10 6 5 4 3 2 1 0 
19200 19200 19200 19200 19200 19200 19200 19200 19200 19200 19200 19200 19200 19200 19200 19200 19200 19200 19200 114 113 112 111 112 109 108 109 110 13 12 11 10 9 7 6 4 3 2 1 0 
19200 19200 19200 19200 19200 19200 19200 19200 19200 19200 19200 19200 19200 19200 19200 19200 19200 19200 19200 113 112 111 110 111 108 107 108 109 12 11 10 9 8 7 6 4 3 2 1 0 
19200 19200 19200 19200 19200 19200 19200 19200 19200 19200 19200 19200 19200 19200 19200 19200 19200 19200 19200 112 111 110 109 108 107 106 107 108 11 10 9 8 7 6 5 4 3 2 1 0 
19200 19200 19200 19200 19200 19200 19200 19200 19200 19200 19200 19200 19200 19200 19200 19200 112 113 112 111 110 109 108 107 106 105 106 107 12 11 10 8 7 6 5 4 3 2 1 0 
19200 19200 19200 19200 19200 19200 19200 19200 19200 19200 19200 19200 19200 19200 19200 110 111 112 111 110 109 108 107 106 105 104 105 106 13 12 9 8 7 6 5 4 3 2 1 0 
19200 19200 19200 19200 19200 19200 19200 19200 19200 19200 19200 19200 19200 19200 19200 109 110 111 110 109 108 107 106 105 104 103 104 105 14 13 10 9 8 7 6 5 4 3 2 0 
19200 19200 19200 19200 19200 19200 19200 19200 19200 19200 19200 19200 19200 19200 19200 108 109 110 109 108 107 106 107 104 103 102 103 104 15 14 11 10 9 8 7 4 3 2 1 0 
19200 19200 19200 19200 19200 19200 19200 19200 19200 19200 19200 19200 19200 19200 19200 107 108 109 108 107 106 105 104 103 102 101 102 103 14 13 12 11 10 9 8 4 3 2 1 0 
19200 19200 19200 19200 19200 19200 19200 19200 19200 19200 19200 19200 19200 19200 105 106 107 108 107 106 105 104 103 102 101 100 101 102 15 14 13 12 11 10 9 5 4 3 2 0 
19200 19200 19200 19200 19200 19200 19200 19200 19200 19200 19200 19200 19200 105 104 105 106 107 106 105 104 103 102 101 100 99 100 101 16 15 14 13 12 11 10 5 4 3 2 0 
19200 19200 19200 19200 19200 19200 19200 19200 19200 19200 19200 19200 19200 104 103 104 105 106 105 104 103 102 101 100 99 98 99 100 17 16 15 14 13 12 11 4 3 2 1 0 
19200 19200 19200 19200 19200 19200 19200 19200 19200 19200 106 107 104 103 102 103 104 105 104 103 102 101 100 99 98 97 98 99 18 17 16 15 14 13 14 5 4 3 2 0 
19200 19200 19200 19200 19200 19200 19200 19200 19200 19200 105 106 103 102 101 102 103 104 103 102 101 100 99 98 97 96 97 98 19 18 17 16 15 14 13 6 5 4 3 0 
19200 19200 19200 19200 19200 19200 19200 19200 19200 19200 104 105 102 101 100 101 102 103 102 101 100 99 98 97 96 95 96 97 18 17 16 15 14 13 12 7 6 5 4 0 
19200 19200 19200 19200 19200 19200 19200 19200 19200 19200 103 104 101 100 99 100 101 102 101 100 99 98 97 96 95 94 95 96 19 18 17 16 15 14 11 8 7 6 5 0 
19200 19200 19200 19200 19200 19200 19200 19200 19200 19200 102 101 100 99 98 99 100 101 100 99 98 97 96 95 94 93 94 95 20 19 18 17 16 17 10 9 8 7 6 0 
19200 19200 19200 19200 19200 19200 19200 19200 19200 19200 101 100 99 98 97 98 99 100 99 98 97 96 95 94 93 92 93 94 21 20 19 16 17 18 9 8 7 6 5 0 
19200 19200 19200 19200 19200 19200 19200 19200 19200 19200 100 99 98 97 96 97 98 99 98 97 96 95 94 93 92 91 92 93 94 95 20 15 16 17 8 7 6 5 4 0 
19200 19200 19200 19200 19200 19200 19200 19200 101 100 99 98 97 96 95 96 97 98 97 96 95 94 93 92 91 90 91 92 93 94 95 14 15 16 7 6 5 4 3 0 
19200 19200 19200 19200 19200 19200 102 101 100 99 98 97 96 95 94 95 96 97 96 95 94 93 92 91 90 89 90 91 92 93 94 13 14 15 6 5 4 3 2 0 
19200 19200 19200 19200 19200 102 101 100 99 98 97 96 95 94 93 94 95 96 95 94 93 92 91 90 89 88 89 90 91 92 93 12 13 14 5 4 3 2 1 0 
19200 19200 19200 19200 19200 101 100 99 98 97 96 95 94 93 92 93 94 95 94 93 92 91 92 89 88 87 88 89 90 91 92 11 10 9 5 4 3 2 1 0 
19200 19200 19200 19200 19200 102 99 98 97 96 95 94 93 92 91 92 93 94 93 92 91 90 91 92 87 86 87 88 89 90 91 10 9 8 6 5 4 3 2 0 
19200 19200 19200 19200 19200 103 98 97 96 95 94 93 92 91 90 91 92 93 92 91 90 89 90 91 86 85 86 87 88 89 90 9 8 7 6 5 4 3 2 0 
19200 19200 19200 19200 19200 104 97 96 95 94 93 92 91 90 89 90 91 92 91 90 89 88 89 90 85 84 85 86 87 88 89 10 9 8 7 4 3 2 1 0 
19200 19200 19200 19200 19200 105 96 95 94 93 92 91 90 89 88 89 90 91 90 89 88 87 88 89 84 83 84 85 86 87 88 9 8 7 6 4 3 2 1 0 
19200 19200 19200 19200 19200 98 97 96 95 94 93 92 89 88 87 88 89 90 89 88 87 86 87 88 83 82 83 84 85 86 87 10 9 8 5 4 3 2 1 0 
19200 19200 19200 19200 19200 99 98 97 96 95 94 93 88 87 86 87 88 89 88 87 86 85 86 87 82 81 82 83 84 85 86 9 8 7 5 4 3 2 1 0 
19200 19200 19200 19200 103 100 99 98 97 96 95 94 89 86 85 86 87 88 87 86 85 84 87 88 81 80 81 82 83 84 85 8 7 6 5 4 3 2 1 0 
19200 19200 19200 105 102 101 100 99 98 99 96 95 90 85 84 85 86 87 86 85 84 83 82 81 80 79 80 81 82 83 11 8 7 6 5 4 3 2 1 0 
19200 19200 19200 104 103 102 101 100 99 100 101 96 91 84 83 84 85 86 85 84 83 82 81 80 79 78 79 76 77 78 10 9 8 7 6 5 4 3 2 0 
19200 19200 19200 105 104 103 102 101 100 101 102 97 92 83 82 83 84 85 84 83 82 81 80 79 78 77 76 75 76 77 11 10 9 8 7 6 5 4 3 0 
19200 19200 19200 106 105 104 103 102 101 102 103 98 93 82 81 82 83 84 85 84 83 82 81 80 81 76 75 74 75 76 12 11 10 9 10 6 5 4 3 0 
19200 19200 19200 107 106 105 104 103 102 103 104 105 82 81 80 81 82 83 84 85 84 83 82 81 82 77 74 73 74 75 13 12 11 10 11 5 4 3 2 0 
19200 19200 19200 108 107 106 105 104 103 104 105 106 83 80 79 80 81 82 83 84 85 84 83 82 83 78 71 72 73 74 14 13 12 11 12 4 3 2 1 0 
19200 19200 19200 109 110 111 112 105 104 105 106 107 84 77 78 79 80 81 82 83 84 85 84 83 84 71 70 71 72 73 74 75 13 12 6 4 3 2 1 0 
19200 19200 19200 112 111 112 113 106 107 106 107 108 77 76 77 78 79 80 81 82 83 84 85 84 85 70 69 70 71 72 73 74 14 13 5 4 3 2 1 0 
19200 19200 19200 113 112 113 114 107 108 73 74 75 74 75 76 77 78 79 80 81 82 83 84 85 86 69 68 69 70 71 72 73 15 14 5 4 3 2 1 0 
19200 19200 19200 19200 19200 19200 115 74 73 72 73 72 73 74 75 76 77 78 79 80 81 82 83 84 71 70 67 68 69 70 71 72 16 15 5 4 3 2 1 0 
19200 19200 19200 19200 19200 19200 19200 73 72 71 72 71 72 73 74 75 76 77 78 61 60 61 62 63 64 65 66 67 68 69 70 22 17 16 17 4 3 2 1 0 
19200 19200 19200 19200 19200 19200 19200 72 71 70 71 70 71 72 73 74 75 76 61 60 59 60 61 62 63 64 65 66 67 68 22 21 18 17 18 4 3 2 1 0 
19200 19200 19200 19200 19200 19200 19200 71 70 69 68 69 70 71 72 73 74 61 60 59 58 59 60 61 62 63 64 65 66 67 21 20 19 18 19 4 3 2 1 0 
19200 19200 19200 19200 19200 19200 19200 19200 69 68 67 68 69 70 71 72 73 60 59 58 57 58 59 60 61 62 63 64 65 66 67 21 20 19 20 4 3 2 1 0 
19200 19200 19200 19200 19200 19200 19200 19200 68 67 66 67 68 69 70 71 60 59 58 57 56 57 58 59 60 61 62 63 64 65 66 22 21 20 21 4 3 2 1 0 
19200 19200 19200 19200 19200 19200 19200 68 67 66 65 66 67 68 69 60 59 58 57 56 55 56 57 58 59 60 61 62 63 64 27 23 22 21 22 5 4 3 2 0 
19200 19200 19200 19200 19200 19200 19200 67 66 65 64 65 66 67 60 59 58 57 56 55 54 55 56 57 58 59 60 61 62 63 26 24 23 24 23 5 4 3 2 0 
19200 19200 19200 19200 19200 19200 19200 66 65 64 63 64 65 66 59 58 57 56 55 54 53 54 55 56 57 58 59 60 61 62 25 24 23 24 25 4 3 2 1 0 
19200 19200 19200 19200 19200 19200 19200 65 64 63 62 61 60 61 58 57 56 55 54 53 52 53 54 55 56 57 58 59 60 61 24 23 22 23 24 4 3 2 1 0 
19200 19200 19200 19200 19200 19200 19200 64 63 62 61 60 59 60 57 56 55 54 53 52 51 52 53 54 55 56 57 58 59 60 23 22 21 22 23 4 3 2 1 0 
19200 19200 19200 19200 19200 19200 64 65 62 61 60 59 58 57 56 55 54 53 52 51 50 51 52 53 54 55 56 57 58 59 22 21 20 21 22 5 4 3 2 0 
19200 19200 19200 19200 19200 19200 63 64 61 60 59 58 57 56 55 54 53 52 51 50 49 50 51 52 53 54 55 56 57 58 21 20 19 20 21 6 5 4 3 0 
19200 19200 19200 19200 19200 19200 62 63 60 59 58 57 56 55 54 53 52 51 50 49 48 49 50 51 52 53 54 55 56 57 20 19 18 19 18 7 6 5 6 0 
19200 19200 19200 19200 19200 19200 61 60 59 58 57 56 55 54 53 52 51 50 49 48 47 48 49 50 51 52 53 54 55 56 19 18 17 16 17 8 7 6 7 0 
19200 19200 19200 19200 19200 19200 60 59 58 57 56 55 54 53 52 51 50 49 48 47 46 47 48 49 50 51 52 53 54 55 18 17 16 15 16 9 8 7 8 0 
19200 19200 19200 19200 19200 60 59 58 57 56 55 54 53 52 51 50 49 48 47 46 45 46 47 48 49 50 51 52 53 54 17 16 15 14 13 10 9 8 9 0 
19200 19200 19200 19200 19200 59 58 57 56 55 54 53 52 51 50 49 48 47 46 45 44 45 46 47 48 49 50 51 52 53 16 15 14 13 12 11 10 9 10 0 
19200 19200 19200 19200 59 58 57 56 55 54 53 52 51 50 49 48 47 46 45 44 43 44 45 46 47 48 49 50 51 52 15 14 13 12 11 10 9 8 9 0 
19200 19200 19200 19200 19200 57 56 55 54 53 52 51 50 49 48 47 46 45 44 43 42 43 44 45 46 47 48 49 50 51 16 17 12 11 10 9 8 7 8 0 
19200 19200 19200 19200 19200 56 55 54 53 52 51 50 49 48 47 46 45 44 43 42 41 42 43 44 45 46 47 48 49 50 17 18 13 12 9 8 7 6 7 0 
19200 19200 19200 19200 19200 55 54 53 52 51 50 49 48 47 46 45 44 43 42 41 40 41 42 43 44 45 46 47 48 49 18 19 14 13 8 7 6 5 6 0 
19200 19200 19200 19200 19200 54 53 52 51 50 49 48 47 46 45 44 43 42 41 40 39 40 41 42 43 44 45 46 47 48 19 20 15 12 9 6 5 4 5 0 
19200 19200 19200 19200 19200 53 52 51 50 49 48 47 46 45 44 43 42 41 40 39 38 39 40 41 42 43 44 45 46 47 20 19 16 11 10 7 4 3 2 0 
19200 19200 19200 19200 19200 52 51 50 49 48 47 46 45 44 43 42 41 40 39 38 37 38 39 40 41 42 43 44 45 46 19 18 17 12 11 8 5 2 1 0 
19200 19200 19200 19200 19200 51 50 49 48 47 46 45 44 43 42 41 40 39 38 37 36 37 38 39 40 41 42 43 44 45 18 17 16 13 10 9 5 2 1 0 
19200 19200 19200 19200 19200 52 49 48 47 46 45 44 43 42 41 40 39 38 37 36 35 36 37 38 39 40 41 42 43 44 17 16 15 12 11 10 4 3 2 0 
19200 19200 19200 19200 19200 51 48 47 46 45 44 43 42 41 40 39 38 37 36 35 34 35 36 37 38 39 40 41 42 43 16 15 14 13 12 8 5 4 5 0 
19200 19200 19200 19200 19200 50 49 48 47 46 45 44 43 40 39 38 37 36 35 34 33 34 35 36 37 38 39 40 41 42 17 16 15 14 13 7 6 5 6 0 
19200 19200 19200 19200 19200 51 50 49 48 47 46 45 42 39 38 37 36 35 34 33 32 33 34 35 36 37 38 39 40 41 18 17 16 15 14 6 5 4 3 0 
19200 19200 19200 19200 19200 52 51 50 49 48 47 46 41 40 39 38 37 34 33 32 31 32 33 34 35 36 37 38 39 40 18 17 16 15 14 5 4 3 2 0 
19200 19200 19200 19200 19200 19200 52 51 50 47 46 45 42 41 40 39 40 33 32 31 30 29 28 27 28 29 30 23 24 21 17 16 15 14 13 4 3 2 1 0 
19200 19200 19200 19200 19200 19200 53 52 53 46 45 44 43 42 41 40 41 34 31 30 29 28 27 26 27 28 23 22 23 20 18 17 16 15 12 5 3 2 1 0 
19200 19200 19200 19200 19200 19200 54 53 54 47 46 45 44 43 42 41 42 35 30 29 28 27 26 25 26 23 22 21 22 19 18 17 16 15 11 6 3 2 1 0 
19200 19200 19200 19200 19200 19200 55 54 55 48 47 46 45 44 43 42 43 36 29 28 27 26 25 24 23 22 21 20 21 18 17 16 15 14 10 5 4 3 2 0 
19200 19200 19200 19200 19200 19200 56 55 56 49 48 47 46 45 44 43 44 37 28 27 26 25 24 23 22 21 20 19 20 17 16 15 14 13 9 4 3 2 1 0 
19200 19200 19200 19200 19200 19200 57 56 57 50 49 48 47 46 45 44 45 46 27 26 25 24 23 22 21 20 19 18 19 16 15 14 13 12 8 5 4 3 2 0 
19200 19200 19200 19200 19200 19200 19200 19200 19200 51 50 49 48 47 46 45 46 47 28 27 24 23 22 21 20 19 18 17 16 15 14 13 12 11 7 6 5 4 3 0 
19200 19200 19200 19200 19200 19200 19200 19200 19200 52 51 50 49 48 47 46 47 48 49 28 23 22 21 20 19 18 17 16 15 14 13 12 11 10 8 7 6 5 4 0 
19200 19200 19200 19200 19200 19200 19200 19200 19200 53 52 50 49 48 47 46 47 48 49 23 22 21 20 19 18 17 16 15 14 13 12 11 10 9 8 7 6 5 5 0 
19200 19200 19200 19200 19200 19200 19200 19200 19200 54 53 54 48 47 46 45 46 47 23 22 21 20 19 18 17 16 15 14 13 12 11 10 9 8 7 6 5 4 3 0 
19200 19200 19200 19200 19200 19200 19200 19200 19200 19200 54 48 47 46 45 44 45 46 22 21 20 19 18 17 16 15 14 13 12 11 10 9 8 7 6 5 4 3 2 0 
19200 19200 19200 19200 19200 19200 19200 19200 19200 19200 55 47 46 47 44 43 44 23 21 20 19 18 17 16 15 14 13 12 11 10 9 8 7 6 5 4 3 2 1 0 
19200 19200 19200 19200 19200 19200 19200 19200 19200 19200 19200 48 45 44 43 42 41 22 21 20 19 18 17 16 15 14 13 12 11 10 9 8 7 6 5 4 3 2 1 0 
19200 19200 19200 19200 19200 19200 19200 19200 19200 19200 19200 19200 44 43 42 41 40 23 21 20 19 18 17 16 15 14 13 12 11 10 9 8 7 6 5 4 3 2 1 0 
19200 19200 19200 19200 19200 19200 19200 19200 19200 19200 19200 19200 43 42 41 40 39 24 21 20 19 18 17 16 15 14 13 12 11 10 9 8 7 6 5 4 3 2 1 0 
19200 19200 19200 19200 19200 19200 19200 19200 19200 19200 19200 19200 42 41 40 39 38 25 22 20 19 18 17 16 15 14 13 12 11 10 9 8 7 6 5 4 3 2 1 0 
19200 19200 19200 19200 19200 19200 19200 19200 19200 19200 19200 19200 41 40 39 38 37 26 23 20 19 18 17 16 15 14 13 12 11 10 9 8 7 6 5 4 3 2 1 0 
19200 19200 19200 19200 19200 19200 19200 19200 19200 19200 19200 19200 40 39 38 37 36 27 23 20 19 18 17 16 15 14 13 12 11 10 9 8 7 6 5 4 3 2 1 0 
19200 19200 19200 19200 19200 19200 19200 19200 19200 19200 19200 19200 39 38 37 36 35 28 22 21 20 19 18 17 16 15 14 13 12 11 10 9 8 7 6 5 4 3 2 0 
19200 19200 19200 19200 19200 19200 19200 19200 19200 19200 19200 19200 40 37 36 35 34 29 23 22 21 20 19 18 17 16 15 14 13 12 11 10 9 8 7 6 5 4 5 0 
19200 19200 19200 19200 19200 19200 19200 19200 19200 19200 19200 19200 41 38 37 34 33 30 24 23 22 21 20 19 18 17 16 15 14 13 12 11 10 9 8 7 6 5 6 0 
19200 19200 19200 19200 19200 19200 19200 19200 19200 19200 19200 19200 42 39 38 33 32 31 25 24 23 22 21 20 19 18 17 16 15 14 13 12 11 10 9 8 7 6 5 0 
19200 19200 19200 19200 19200 19200 19200 19200 19200 19200 19200 19200 41 40 41 34 33 32 26 25 24 23 22 21 20 19 18 17 16 15 14 13 12 11 10 9 8 7 4 0 
19200 19200 19200 19200 19200 19200 19200 19200 19200 19200 19200 19200 42 41 40 35 34 33 27 26 25 24 23 22 21 20 19 18 17 16 15 14 13 12 11 10 9 8 3 0 
19200 19200 19200 19200 19200 19200 19200 19200 19200 19200 19200 19200 43 40 39 36 35 34 28 27 26 25 24 23 22 21 20 19 18 17 16 15 14 13 12 11 10 9 2 0 
19200 19200 19200 19200 19200 19200 19200 19200 19200 19200 19200 19200 44 39 38 37 36 35 29 28 27 26 25 24 23 22 21 20 19 18 17 16 15 14 13 12 11 10 1 0 
19200 19200 19200 19200 19200 19200 19200 19200 19200 19200 19200 19200 45 40 39 38 37 36 30 29 28 27 26 25 24 23 22 21 20 19 18 17 16 15 14 13 12 3 1 0 
19200 19200 19200 19200 19200 19200 19200 19200 19200 19200 19200 19200 46 41 40 39 38 37 31 30 29 28 27 26 25 24 23 22 21 20 19 18 17 16 15 14 13 2 1 0 
19200 19200 19200 19200 19200 19200 19200 19200 19200 19200 19200 19200 47 42 41 40 39 38 32 31 30 29 28 27 26 25 24 23 22 21 20 19 18 17 16 15 14 2 1 0 
19200 19200 19200 19200 19200 19200 19200 19200 19200 19200 19200 19200 48 43 42 41 40 39 33 32 31 30 29 28 27 26 25 24 23 22 21 20 19 18 17 16 15 2 1 0 
19200 19200 19200 19200 19200 19200 19200 19200 19200 19200 19200 19200 48 43 42 41 41 39 34 33 34 31 30 29 28 27 26 25 24 23 22 21 20 19 18 17 16 2 1 0 
19200 19200 19200 19200 19200 19200 19200 19200 19200 19200 19200 19200 47 44 43 40 39 38 35 34 35 36 31 30 29 28 27 26 25 24 23 22 21 20 19 18 19 2 1 0 
19200 19200 19200 19200 19200 19200 19200 19200 19200 19200 19200 19200 46 45 42 39 38 37 36 35 36 37 32 31 30 29 28 27 26 25 24 23 22 21 20 19 20 2 1 0 
19200 19200 19200 19200 19200 19200 19200 19200 19200 19200 19200 46 45 44 41 40 39 38 37 36 37 38 39 32 31 30 29 28 27 26 25 24 23 22 21 20 21 3 1 0 
19200 19200 19200 19200 19200 19200 19200 19200 19200 19200 52 45 44 43 42 41 40 39 38 37 38 39 40 33 32 31 30 29 28 27 26 25 24 23 22 23 24 4 1 0 
19200 19200 19200 19200 19200 19200 19200 19200 19200 19200 51 46 45 44 43 42 41 40 39 38 39 40 41 34 33 32 31 30 29 28 27 26 25 24 23 24 25 5 1 0 
19200 19200 19200 19200 19200 19200 19200 19200 19200 19200 50 47 46 45 44 43 42 41 40 39 40 41 42 35 34 33 32 31 30 29 28 27 28 25 24 25 26 27 1 0 
19200 19200 19200 19200 19200 19200 19200 19200 19200 19200 49 48 47 46 45 44 43 42 41 40 41 42 43 36 35 34 33 32 31 30 29 30 31 26 25 26 27 28 1 0 
19200 19200 19200 19200 19200 19200 19200 19200 19200 19200 50 49 48 47 46 45 44 43 42 41 42 43 44 37 36 35 34 33 32 31 30 31 32 33 34 35 36 3 1 0 
19200 19200 19200 19200 19200 19200 19200 19200 19200 19200 19200 50 49 48 47 46 45 44 43 42 43 44 45 38 37 36 35 34 33 32 31 32 33 34 35 36 37 2 1 0 
19200 19200 19200 19200 19200 19200 19200 19200 19200 19200 19200 19200 19200 19200 48 47 46 45 44 43 44 45 44 39 38 37 36 37 38 33 32 33 34 35 36 37 38 2 1 0 
19200 19200 19200 19200 19200 19200 19200 19200 19200 19200 19200 19200 19200 19200 49 48 47 46 45 44 45 44 43 40 39 38 37 38 37 34 33 34 35 36 37 38 39 2 1 0 
19200 19200 19200 19200 19200 19200 19200 19200 19200 19200 19200 19200 19200 19200 50 49 48 47 46 45 44 43 42 41 40 39 38 37 36 35 34 35 36 37 38 39 40 2 1 0 
19200 19200 19200 19200 19200 19200 19200 19200 19200 19200 19200 19200 19200 19200 19200 50 49 48 47 46 45 44 43 42 41 40 39 38 37 36 35 36 37 38 39 40 41 3 2 0 
19200 19200 19200 19200 19200 19200 19200 19200 19200 19200 19200 19200 19200 19200 19200 51 50 49 48 47 46 45 44 43 42 41 40 39 38 37 36 37 38 39 40 41 42 3 2 0 
19200 19200 19200 19200 19200 19200 19200 19200 19200 19200 19200 19200 19200 19200 19200 19200 51 50 49 48 47 46 45 44 43 42 41 40 39 38 37 38 39 40 41 42 43 4 1 0 
19200 19200 19200 19200 19200 19200 19200 19200 19200 19200 19200 19200 19200 19200 19200 19200 19200 51 50 49 48 47 46 45 44 43 42 41 40 39 38 39 40 41 42 43 44 5 1 0 
19200 19200 19200 19200 19200 19200 19200 19200 19200 19200 19200 19200 19200 19200 19200 19200 19200 19200 51 50 49 48 47 46 45 44 43 42 41 40 39 40 41 42 43 44 45 3 1 0 
19200 19200 19200 19200 19200 19200 19200 19200 19200 19200 19200 19200 19200 19200 19200 19200 19200 19200 52 51 50 49 48 47 46 45 44 43 42 41 40 41 42 43 44 45 46 2 1 0 
19200 19200 19200 19200 19200 19200 19200 19200 19200 19200 19200 19200 19200 19200 19200 19200 19200 19200 53 52 51 50 49 48 47 46 45 44 43 42 41 42 43 44 45 46 4 3 2 0 
19200 19200 19200 19200 19200 19200 19200 19200 19200 19200 19200 19200 19200 19200 19200 19200 19200 19200 54 53 52 51 50 49 48 47 46 45 44 43 42 43 44 45 46 4 3 2 1 0 
19200 19200 19200 19200 19200 19200 19200 19200 19200 19200 19200 19200 19200 19200 19200 19200 19200 19200 55 54 53 52 51 50 49 48 47 46 45 44 43 44 45 46 47 4 3 2 1 0 
19200 19200 19200 19200 19200 19200 19200 19200 19200 19200 19200 19200 19200 19200 19200 19200 19200 19200 19200 55 54 53 52 51 50 49 48 47 46 45 44 45 14 13 8 5 4 3 2 0 
19200 19200 19200 19200 19200 19200 19200 19200 19200 19200 19200 19200 19200 19200 19200 19200 19200 19200 19200 19200 55 54 53 52 51 50 49 48 47 46 45 14 13 12 7 6 5 4 5 0 
19200 19200 19200 19200 19200 19200 19200 19200 19200 19200 19200 19200 19200 19200 19200 19200 19200 19200 19200 19200 19200 55 54 53 52 51 50 49 50 51 14 13 12 11 8 7 6 5 6 0 
19200 19200 19200 19200 19200 19200 19200 19200 19200 19200 19200 19200 19200 19200 19200 19200 19200 19200 19200 19200 19200 19200 55 54 55 52 51 50 51 52 13 12 11 10 9 8 7 8 9 0 
19200 19200 19200 19200 19200 19200 19200 19200 19200 19200 19200 19200 19200 19200 19200 19200 19200 19200 19200 19200 19200 19200 19200 19200 19200 19200 19200 19200 19200 19200 14 13 12 11 10 9 8 9 10 0 
19200 19200 19200 19200 19200 19200 19200 19200 19200 19200 19200 19200 19200 19200 19200 19200 19200 19200 19200 19200 19200 19200 19200 19200 19200 19200 19200 19200 19200 19200 15 14 13 12 11 10 9 10 11 0 
19200 19200 19200 19200 19200 19200 19200 19200 19200 19200 19200 19200 19200 19200 19200 19200 19200 19200 19200 19200 19200 19200 19200 19200 19200 19200 19200 19200 19200 19200 16 15 14 13 12 11 10 11 12 0 
19200 19200 19200 19200 19200 19200 19200 19200 19200 19200 19200 19200 19200 19200 19200 19200 19200 19200 19200 19200 19200 19200 19200 19200 19200 19200 19200 19200 19200 19200 17 16 15 14 13 12 11 12 13 0 
19200 19200 19200 19200 19200 19200 19200 19200 19200 19200 19200 19200 19200 19200 19200 19200 19200 19200 19200 19200 19200 19200 19200 19200 19200 19200 19200 19200 19200 19200 18 17 16 15 14 13 12 13 14 0 
19200 19200 19200 19200 19200 19200 19200 19200 19200 19200 19200 19200 19200 19200 19200 19200 19200 19200 19200 19200 19200 19200 19200 19200 19200 19200 19200 19200 19200 19200 19 18 17 16 15 14 13 14 15 0 
19200 19200 19200 19200 19200 19200 19200 19200 19200 19200 19200 19200 19200 19200 19200 19200 19200 19200 19200 19200 19200 19200 19200 19200 19200 19200 19200 19200 19200 19200 20 19 18 17 16 15 14 15 16 0 
19200 19200 19200 19200 19200 19200 19200 19200 19200 19200 19200 19200 19200 19200 19200 19200 19200 19200 19200 19200 19200 19200 19200 19200 19200 19200 19200 19200 19200 19200 21 20 19 18 17 16 15 16 17 0 
19200 19200 19200 19200 19200 19200 19200 19200 19200 19200 19200 19200 19200 19200 19200 19200 19200 19200 19200 19200 19200 19200 19200 19200 19200 19200 19200 19200 19200 19200 22 21 20 19 18 17 16 17 18 0 
19200 19200 19200 19200 19200 19200 19200 19200 19200 19200 19200 19200 19200 19200 19200 19200 19200 19200 19200 19200 19200 19200 19200 19200 19200 19200 19200 19200 19200 19200 23 22 21 22 19 18 17 18 19 0 
19200 19200 19200 19200 19200 19200 19200 19200 19200 19200 19200 19200 19200 19200 19200 19200 19200 19200 19200 19200 19200 19200 19200 19200 19200 19200 19200 19200 19200 19200 24 23 22 23 20 19 18 19 20 0 
19200 19200 19200 19200 19200 19200 19200 19200 19200 19200 19200 19200 19200 19200 19200 19200 19200 19200 19200 19200 19200 19200 19200 19200 19200 19200 19200 19200 19200 19200 19200 24 23 24 21 20 19 20 21 0 
19200 19200 19200 19200 19200 19200 19200 19200 19200 19200 19200 19200 19200 19200 19200 19200 19200 19200 19200 19200 19200 19200 19200 19200 19200 19200 19200 19200 19200 19200 19200 19200 19200 19200 19200 21 20 21 22 0 
19200 19200 19200 19200 19200 19200 19200 19200 19200 19200 19200 19200 19200 19200 19200 19200 19200 19200 19200 19200 19200 19200 19200 19200 19200 19200 19200 19200 19200 19200 19200 19200 19200 19200 19200 22 21 22 23 0 
19200 19200 19200 19200 19200 19200 19200 19200 19200 19200 19200 19200 19200 19200 19200 19200 19200 19200 19200 19200 19200 19200 19200 19200 19200 19200 19200 19200 19200 19200 19200 19200 19200 19200 19200 23 22 23 24 0 
19200 19200 19200 19200 19200 19200 19200 19200 19200 19200 19200 19200 19200 19200 19200 19200 19200 19200 19200 19200 19200 19200 19200 19200 19200 19200 19200 19200 19200 19200 19200 19200 19200 19200 19200 24 23 24 25 0 
19200 19200 19200 19200 19200 19200 19200 19200 19200 19200 19200 19200 19200 19200 19200 19200 19200 19200 19200 19200 19200 19200 19200 19200 19200 19200 19200 19200 19200 19200 19200 19200 19200 19200 19200 25 24 25 26 0 
19200 19200 19200 19200 19200 19200 19200 19200 19200 19200 19200 19200 19200 19200 19200 19200 19200 19200 19200 19200 19200 19200 19200 19200 19200 19200 19200 19200 19200 19200 19200 19200 19200 19200 19200 26 25 26 27 0 
19200 19200 19200 19200 19200 19200 19200 19200 19200 19200 19200 19200 19200 19200 19200 19200 19200 19200 19200 19200 19200 19200 19200 19200 19200 19200 19200 19200 19200 19200 19200 19200 19200 19200 19200 27 26 27 28 0 
19200 19200 19200 19200 19200 19200 19200 19200 19200 19200 19200 19200 19200 19200 19200 19200 19200 19200 19200 19200 19200 19200 19200 19200 19200 19200 19200 19200 19200 19200 19200 19200 19200 19200 19200 19200 27 28 1 0 
19200 19200 19200 19200 19200 19200 19200 19200 19200 19200 19200 19200 19200 19200 19200 19200 19200 19200 19200 19200 19200 19200 19200 19200 19200 19200 19200 19200 19200 19200 19200 19200 19200 19200 19200 19200 19200 19200 2 0 
19200 19200 19200 19200 19200 19200 19200 19200 19200 19200 19200 19200 19200 19200 19200 19200 19200 19200 19200 19200 19200 19200 19200 19200 19200 19200 19200 19200 19200 19200 19200 19200 19200 19200 19200 19200 19200 19200 19200 0 
19200 19200 19200 19200 19200 19200 19200 19200 19200 19200 19200 19200 19200 19200 19200 19200 19200 19200 19200 19200 19200 19200 19200 19200 19200 19200 19200 19200 19200 19200 19200 19200 19200 19200 19200 19200 19200 19200 19200 0 
19200 19200 19200 19200 19200 19200 19200 19200 19200 19200 19200 19200 19200 19200 19200 19200 19200 19200 19200 19200 19200 19200 19200 19200 19200 19200 19200 19200 19200 19200 19200 19200 19200 19200 19200 19200 19200 19200 19200 0 
19200 19200 19200 19200 19200 19200 19200 19200 19200 19200 19200 19200 19200 19200 19200 19200 19200 19200 19200 19200 19200 19200 19200 19200 19200 19200 19200 19200 19200 19200 19200 19200 19200 19200 19200 19200 19200 19200 19200 0 
19200 19200 19200 19200 19200 19200 19200 19200 19200 19200 19200 19200 19200 19200 19200 19200 19200 19200 19200 19200 19200 19200 19200 19200 19200 19200 19200 19200 19200 19200 19200 19200 19200 19200 19200 19200 19200 19200 19200 0 
19200 19200 19200 19200 19200 19200 19200 19200 19200 19200 19200 19200 19200 19200 19200 19200 19200 19200 19200 19200 19200 19200 19200 19200 19200 19200 19200 19200 19200 19200 19200 19200 19200 19200 19200 19200 19200 19200 19200 0 
19200 19200 19200 19200 19200 19200 19200 19200 19200 19200 19200 19200 19200 19200 19200 19200 19200 19200 19200 19200 19200 19200 19200 19200 19200 19200 19200 19200 19200 19200 19200 19200 19200 19200 19200 19200 19200 19200 19200 0 
19200 19200 19200 19200 19200 19200 19200 19200 19200 19200 19200 19200 19200 19200 19200 19200 19200 19200 19200 19200 19200 19200 19200 19200 19200 19200 19200 19200 19200 19200 19200 19200 19200 19200 19200 19200 19200 19200 19200 0 
19200 19200 19200 19200 19200 19200 19200 19200 19200 19200 19200 19200 19200 19200 19200 19200 19200 19200 19200 19200 19200 19200 19200 19200 19200 19200 19200 19200 19200 19200 19200 19200 19200 19200 19200 19200 19200 19200 19200 0 
19200 19200 19200 19200 19200 19200 19200 19200 19200 19200 19200 19200 19200 19200 19200 19200 19200 19200 19200 19200 19200 19200 19200 19200 19200 19200 19200 19200 19200 19200 19200 19200 19200 19200 19200 19200 19200 19200 19200 0 
19200 19200 19200 19200 19200 19200 19200 19200 19200 19200 19200 19200 19200 19200 19200 19200 19200 19200 19200 19200 19200 19200 19200 19200 19200 19200 19200 19200 19200 19200 19200 19200 19200 19200 19200 19200 19200 19200 19200 0 
19200 19200 19200 19200 19200 19200 19200 19200 19200 19200 19200 19200 19200 19200 19200 19200 19200 19200 19200 19200 19200 19200 19200 19200 19200 19200 19200 19200 19200 19200 19200 19200 19200 19200 19200 19200 19200 19200 19200 0 
19200 19200 19200 19200 19200 19200 19200 19200 19200 19200 19200 19200 19200 19200 19200 19200 19200 19200 19200 19200 19200 19200 19200 19200 19200 19200 19200 19200 19200 19200 19200 19200 19200 19200 19200 19200 19200 19200 19200 0 
19200 19200 19200 19200 19200 19200 19200 19200 19200 19200 19200 19200 19200 19200 19200 19200 19200 19200 19200 19200 19200 19200 19200 19200 19200 19200 19200 19200 19200 19200 19200 19200 19200 19200 19200 19200 19200 19200 19200 0 
19200 19200 19200 19200 19200 19200 19200 19200 19200 19200 19200 19200 19200 19200 19200 19200 19200 19200 19200 19200 19200 19200 19200 19200 19200 19200 19200 19200 19200 19200 19200 19200 19200 19200 19200 19200 19200 19200 2 0 
19200 19200 19200 19200 19200 19200 19200 19200 19200 19200 19200 19200 19200 19200 19200 19200 19200 19200 19200 19200 19200 19200 19200 19200 19200 19200 19200 19200 19200 19200 19200 19200 19200 19200 19200 19200 19200 19200 1 0 
19200 19200 19200 19200 19200 19200 19200 19200 19200 19200 19200 19200 19200 19200 19200 19200 19200 19200 19200 19200 19200 19200 19200 19200 19200 19200 19200 19200 19200 19200 19200 19200 19200 19200 19200 19200 19200 19200 1 0 
19200 19200 19200 19200 19200 19200 19200 19200 19200 19200 19200 19200 19200 19200 19200 19200 19200 19200 19200 19200 19200 19200 19200 19200 19200 19200 19200 19200 19200 19200 19200 19200 19200 19200 19200 19200 19200 19200 1 0 
