0 138 148 153 146 118 90 68 70 68 46 52 73 85 84 83 80 78 76 68 64 67 71 68 68 60 55 48 58 69 55 60 66 63 68 68 68 77 73 46 
0 138 148 151 102 118 90 68 68 70 46 52 73 85 84 83 80 81 79 71 67 70 74 71 71 77 72 65 75 86 72 60 66 72 68 68 68 77 73 46 
0 122 118 118 102 78 82 114 102 86 104 110 117 136 136 125 119 98 78 89 101 98 95 91 78 79 88 86 84 84 85 94 80 62 52 64 85 95 86 84 
0 122 118 104 110 78 82 104 102 86 104 110 119 138 138 127 121 98 78 89 101 99 96 98 78 79 88 86 84 84 85 94 80 62 52 64 85 95 86 84 
0 64 60 41 46 30 56 59 60 84 88 72 86 102 101 95 97 108 108 112 104 82 74 62 74 92 88 72 82 99 86 68 96 98 86 70 72 83 85 72 
0 64 60 56 46 30 54 57 56 72 76 72 86 102 101 95 97 97 108 112 104 82 74 62 69 87 83 69 79 96 83 68 82 92 86 70 72 83 85 72 
0 69 57 57 55 60 73 84 89 92 87 46 38 58 70 67 65 61 60 59 75 82 62 70 74 83 93 84 82 88 83 84 92 87 70 60 65 75 72 56 
0 78 66 66 58 60 73 90 102 105 77 46 38 58 70 67 65 61 51 50 62 72 62 68 72 81 91 82 80 86 81 84 100 94 64 60 65 75 72 56 
0 64 68 88 76 54 61 62 48 49 42 34 36 61 78 71 62 56 45 41 50 61 82 75 75 83 90 104 116 111 107 96 95 97 56 48 72 75 63 56 
0 64 70 90 78 56 63 64 50 51 52 36 36 61 78 71 62 56 45 41 50 61 64 57 57 65 72 93 105 103 118 96 103 98 56 48 90 95 65 56 
0 95 88 52 58 88 89 56 54 67 74 56 64 78 81 81 87 81 68 56 56 63 64 66 69 69 65 42 47 77 68 38 54 98 122 104 76 85 106 92 
0 102 77 44 50 80 82 48 46 59 57 48 64 78 81 81 87 81 68 56 56 63 64 66 69 71 67 42 47 87 56 38 54 73 109 104 76 85 110 92 
0 68 40 56 72 54 46 50 62 67 70 70 54 72 92 84 73 72 72 72 66 70 66 67 69 58 65 85 76 60 69 82 99 110 78 62 90 82 37 26 
0 68 40 56 72 54 46 50 59 64 67 70 54 72 92 84 73 72 72 64 66 72 66 67 69 58 65 89 76 59 72 82 99 110 88 62 90 82 40 26 
0 70 54 28 44 80 65 44 46 51 53 42 44 59 57 62 79 76 71 61 34 30 47 59 61 69 76 86 93 82 60 34 46 75 91 74 30 61 100 94 
0 76 62 30 43 60 58 46 48 53 55 44 44 59 57 62 79 76 71 61 34 30 50 66 68 77 100 86 96 101 47 34 46 75 87 74 30 49 85 94 
0 41 11 16 38 46 47 54 54 40 45 56 48 66 79 69 57 62 77 69 63 67 54 46 51 44 32 18 8 27 55 62 67 83 76 62 84 93 76 66 
0 54 24 16 38 59 56 54 54 40 49 56 48 66 79 69 57 62 77 69 57 59 51 46 51 40 28 17 5 34 64 62 67 83 76 62 82 91 76 66 
0 36 34 42 43 26 18 42 59 67 44 28 32 55 65 66 69 56 51 54 45 38 44 49 47 51 55 56 80 88 53 28 33 51 64 56 46 72 76 68 
0 36 38 42 39 25 22 35 53 47 42 26 32 55 65 66 69 56 51 54 45 40 46 50 48 53 49 43 68 71 42 28 33 51 78 56 46 72 74 66 
0 13 30 34 55 58 36 38 54 57 52 43 24 37 56 47 42 48 59 56 53 48 52 62 80 81 69 64 63 67 78 82 92 94 68 40 70 94 76 48 
0 1 30 34 55 61 36 40 56 59 54 44 24 37 56 52 53 71 90 87 54 48 54 70 89 90 74 68 72 78 78 82 92 94 68 40 61 85 67 48 
0 78 46 52 57 58 56 52 53 56 63 84 72 77 81 72 66 50 34 45 59 68 64 54 52 70 76 62 66 63 38 20 31 45 47 42 40 62 69 52 
0 71 46 52 57 58 56 52 53 56 63 70 72 77 81 72 66 50 34 45 71 74 64 54 52 70 78 62 62 61 34 20 31 45 51 42 40 62 69 52 
0 56 72 77 85 72 38 48 57 64 68 55 46 57 54 36 45 67 91 91 62 32 44 60 69 67 65 61 59 56 57 70 86 87 54 24 37 58 49 20 
0 58 72 77 85 72 38 51 72 79 83 64 46 57 54 36 46 67 109 110 62 32 45 68 78 76 74 66 70 69 62 70 86 87 54 24 36 57 48 20 
0 47 38 48 50 48 58 48 28 31 37 47 58 63 75 73 66 54 22 20 44 67 54 24 24 46 65 59 50 49 30 6 16 41 76 99 82 74 80 82 
0 51 38 50 52 48 58 48 28 31 37 50 58 63 75 68 62 51 22 20 41 49 37 24 24 46 65 61 48 34 15 6 16 41 59 55 50 50 56 56 
0 46 36 32 42 36 44 56 62 71 70 46 18 22 28 36 45 43 58 72 58 52 64 63 56 59 66 67 64 53 31 34 58 70 51 37 48 66 72 56 
0 41 36 32 42 36 44 51 57 66 69 48 18 22 28 36 45 46 58 71 58 52 64 65 56 59 66 67 71 45 32 34 59 71 52 38 49 67 73 57 
0 30 26 43 48 36 60 61 52 57 54 58 58 70 91 87 69 47 32 46 71 73 59 44 49 59 64 67 65 78 32 18 16 17 21 27 41 56 54 43 
0 32 26 41 39 36 56 57 48 53 50 48 58 70 91 87 69 52 32 46 76 93 64 44 49 59 64 67 68 52 44 18 16 17 21 34 48 63 61 50 
0 58 64 66 49 50 60 59 56 66 70 60 46 53 61 67 72 62 54 63 48 34 52 66 58 50 51 57 64 54 8 17 42 50 34 24 47 70 73 56 
0 58 64 66 58 50 60 59 56 66 70 60 46 53 61 67 74 62 54 63 46 34 52 63 58 50 51 57 67 46 8 14 38 56 37 24 47 70 73 57 
0 28 12 28 55 60 58 63 64 67 62 42 32 45 61 80 86 76 82 105 108 82 60 66 82 92 94 97 90 86 64 64 71 70 64 66 69 76 70 50 
0 28 12 41 72 60 58 63 64 67 62 42 32 45 76 90 86 76 82 111 113 82 60 66 77 79 93 96 92 80 64 64 76 70 66 66 69 76 70 50 
0 62 52 50 42 22 29 36 33 31 39 60 56 62 68 50 34 24 28 32 44 50 46 50 57 56 46 58 76 79 80 78 64 46 20 25 56 67 48 34 
0 51 52 48 38 22 32 21 18 23 40 51 56 62 68 50 34 24 28 32 44 50 46 50 57 56 46 58 83 77 80 78 64 46 20 25 56 67 48 34 
0 38 28 42 51 24 14 29 34 22 8 8 20 41 34 24 53 70 58 46 28 12 46 64 70 62 32 32 53 50 40 43 61 60 64 71 67 56 36 24 
0 25 28 34 38 24 14 29 34 17 8 8 20 27 23 24 58 76 58 46 28 12 45 67 73 65 32 32 51 62 40 42 53 57 64 71 67 56 40 24 
0 6 14 23 12 16 27 43 49 56 56 50 38 47 54 58 46 44 48 40 46 48 30 22 32 43 50 40 42 20 30 46 42 47 66 48 58 76 74 72 
0 6 4 15 16 16 25 45 71 53 49 50 38 54 72 64 46 44 47 40 35 48 30 22 32 54 50 40 38 20 30 59 54 59 62 48 58 68 74 72 
0 42 24 27 42 19 12 28 20 6 10 12 28 48 36 16 10 8 13 30 20 8 28 42 40 34 10 32 48 46 24 14 24 34 38 57 54 42 23 32 
0 42 44 34 33 16 12 17 8 1 10 12 28 22 11 2 3 8 16 24 22 8 24 34 35 27 10 28 40 46 24 14 26 36 40 49 46 34 28 32 
0 24 44 56 53 15 6 6 5 16 25 34 34 29 45 42 38 22 12 14 32 56 63 54 46 37 26 14 28 36 33 14 2 24 46 36 32 36 39 45 
0 21 30 27 10 21 3 0 12 18 33 34 34 42 45 47 38 22 12 14 32 57 64 55 46 43 26 14 28 30 30 19 2 24 46 36 32 40 41 41 
0 4 4 8 31 48 40 44 38 57 43 26 24 15 11 31 27 30 46 53 38 22 35 39 28 10 24 57 68 44 16 18 49 58 42 36 40 26 20 40 
0 8 14 40 62 52 44 48 43 53 60 26 26 36 41 50 23 30 50 62 38 22 41 45 28 10 21 57 68 53 16 18 41 50 33 27 31 22 20 54 
0 110 96 72 62 50 54 65 46 52 26 22 26 43 66 61 48 30 14 16 22 20 8 8 16 36 47 48 52 64 68 54 69 73 71 70 68 63 40 10 
0 107 93 69 59 50 54 72 57 35 17 22 26 33 68 65 54 27 14 16 22 20 8 8 16 27 55 48 52 67 68 54 70 74 71 70 68 55 40 10 
0 80 72 76 90 80 82 100 88 73 84 54 46 55 57 52 42 28 24 10 15 39 57 51 38 38 32 22 28 23 20 18 20 23 21 26 47 59 47 48 
0 79 71 75 89 80 82 93 94 86 73 54 46 56 57 52 42 32 28 10 16 32 44 46 38 38 28 22 28 21 20 18 20 26 22 27 48 53 36 48 
0 107 97 88 66 34 34 20 41 58 30 15 30 44 63 70 61 21 2 4 2 3 13 18 12 14 14 8 11 12 17 29 14 8 18 41 53 42 22 10 
0 92 82 66 44 34 34 40 42 58 34 16 30 48 72 82 72 30 5 3 1 3 15 17 12 14 13 8 14 16 21 28 14 8 16 39 51 40 20 10 
0 80 92 80 64 46 46 57 54 60 109 94 88 98 67 34 32 42 32 18 25 44 40 16 6 15 19 23 10 3 8 8 20 27 27 20 25 30 33 34 
0 73 85 80 64 46 46 58 50 43 61 102 88 87 62 10 20 29 20 6 12 28 24 13 6 16 29 23 10 10 17 20 20 24 24 20 25 30 33 33 
0 46 25 66 56 48 64 70 80 81 61 27 28 34 23 59 28 20 26 24 19 0 0 21 49 15 4 0 22 36 50 52 34 38 51 59 61 60 49 61 
0 48 56 68 58 48 64 69 69 75 57 30 28 28 32 21 33 49 63 61 51 30 15 31 19 10 4 8 29 36 50 57 34 38 51 56 58 57 46 58 
0 40 44 24 13 52 60 62 57 70 76 68 40 44 46 46 43 42 34 46 42 11 33 26 3 0 14 41 28 10 13 16 6 30 44 29 40 65 59 41 
0 52 56 36 36 52 60 64 57 70 86 63 40 53 66 60 48 42 34 42 34 26 12 11 6 0 4 9 0 1 16 16 6 30 44 29 40 65 62 49 
0 110 78 54 40 34 52 51 51 48 21 0 12 22 38 43 19 1 4 8 8 12 22 40 35 21 34 35 58 54 28 16 32 54 70 63 52 39 20 6 
0 103 75 54 40 34 36 32 45 49 25 2 0 3 5 11 14 4 2 0 0 0 14 36 25 11 5 31 73 63 28 16 27 49 65 60 49 36 17 6 
0 16 0 18 38 22 11 9 10 11 11 42 36 35 34 33 12 6 15 12 9 22 62 54 60 68 65 48 32 16 24 38 44 57 58 34 35 47 30 32 
0 14 0 10 34 22 18 12 16 21 36 42 36 38 44 34 8 0 4 21 14 23 60 121 121 102 94 79 32 17 24 38 49 62 63 34 35 47 36 32 
0 56 24 24 15 12 36 42 49 44 50 46 48 36 46 54 80 65 78 85 90 93 88 78 84 94 91 68 59 58 22 12 14 15 22 30 31 39 44 40 
0 20 24 23 22 12 12 0 10 25 33 46 48 35 29 55 82 82 78 85 91 94 93 78 69 83 91 66 62 46 22 12 14 15 22 23 24 41 45 40 
0 82 30 36 41 58 66 100 88 79 79 78 64 63 54 70 78 70 75 77 68 72 66 28 0 0 3 32 40 25 30 26 12 20 25 20 20 14 14 24 
0 65 30 36 57 58 66 99 109 105 102 78 64 75 72 70 76 70 75 77 68 72 70 28 0 0 20 38 46 30 30 26 12 20 25 22 20 11 14 28 
0 98 92 101 94 56 74 95 84 86 82 94 114 108 104 100 88 86 92 97 96 86 74 76 90 100 88 52 46 36 35 40 62 67 55 38 38 43 27 8 
0 98 92 101 98 56 73 82 71 69 76 94 114 108 104 100 88 86 93 108 91 92 80 77 96 102 81 49 43 54 42 40 62 69 56 38 38 43 27 8 
0 154 140 145 142 104 110 120 108 112 123 106 96 110 96 84 78 44 42 55 52 50 42 16 6 13 0 8 5 12 10 10 12 16 25 32 26 14 22 34 
0 154 140 145 141 104 110 118 113 114 116 106 96 110 96 84 62 44 42 35 47 30 24 8 6 13 12 9 17 20 10 10 11 16 24 26 26 16 21 32 
0 118 130 122 104 100 119 118 124 118 98 62 50 50 64 63 42 44 47 51 47 32 31 26 8 7 6 4 3 4 14 23 22 16 19 34 44 55 53 59 
0 118 130 118 100 100 119 153 148 130 98 62 50 50 64 66 48 44 46 50 45 34 26 22 8 10 14 11 10 4 16 27 30 16 22 41 51 50 48 55 
0 78 106 123 133 120 133 134 106 67 26 16 30 44 44 69 84 56 52 59 52 48 44 38 54 74 83 73 48 32 44 51 34 26 18 10 13 14 12 14 
0 78 106 135 130 120 133 132 106 68 26 16 19 21 44 38 44 56 52 59 51 48 48 38 49 68 70 64 48 32 44 52 34 26 18 10 13 14 12 14 
0 68 74 85 92 94 106 113 76 48 28 26 37 47 17 1 14 22 27 31 40 40 60 82 87 91 73 28 40 64 52 44 56 48 32 30 40 52 30 4 
0 68 74 88 60 94 106 110 76 48 28 21 44 40 32 28 14 11 22 28 32 40 60 82 87 91 67 34 35 59 52 44 51 48 32 30 40 52 34 4 
0 136 132 96 85 64 73 76 42 26 24 14 22 33 27 32 33 30 8 0 4 24 42 61 82 91 99 84 80 72 34 18 24 46 81 88 86 72 52 60 
0 136 132 132 107 64 72 71 42 26 29 20 20 30 25 25 40 28 10 2 4 15 30 44 65 74 61 78 80 67 34 18 29 49 63 68 68 67 52 60 
0 103 91 95 7 21 25 31 9 13 26 22 9 17 20 17 18 28 46 55 54 56 68 85 94 94 87 62 36 29 36 36 28 12 12 15 29 46 60 48 
0 108 96 87 72 26 31 27 14 18 42 44 26 26 26 10 20 28 42 47 47 49 61 78 87 87 80 59 36 34 36 36 28 12 12 15 29 45 36 41 
0 94 76 88 36 16 24 34 42 42 46 71 44 36 59 43 34 40 41 43 53 52 51 47 41 45 47 53 87 62 34 26 22 22 27 39 67 81 59 44 
0 94 76 75 66 16 24 34 42 42 44 57 52 36 55 56 34 40 41 43 53 56 55 51 42 46 48 54 65 65 37 26 22 22 27 52 80 94 72 57 
0 70 78 88 89 56 38 38 34 42 53 54 64 70 72 64 54 57 63 68 63 46 47 55 54 46 58 65 65 86 63 48 62 81 78 44 55 78 71 48 
0 70 78 94 79 56 38 38 34 40 51 67 64 70 69 64 54 57 63 68 63 46 47 55 51 46 58 65 65 76 67 48 55 66 63 44 55 78 72 51 
0 48 80 110 116 88 84 74 56 63 53 26 48 88 80 49 34 41 54 66 79 80 74 72 70 86 89 64 56 56 80 90 82 62 64 60 68 73 54 38 
0 20 52 82 88 60 84 74 56 63 56 26 48 76 78 60 34 41 54 66 79 82 76 74 72 85 88 63 55 66 80 90 82 62 64 60 68 73 54 38 
0 94 98 62 44 26 14 6 14 33 58 86 72 70 64 74 88 93 96 96 93 70 76 91 81 79 85 78 72 40 17 36 65 98 90 56 44 53 63 62 
0 98 78 62 38 26 14 6 12 31 53 52 44 44 61 74 88 93 96 96 93 70 76 91 81 79 85 75 54 46 22 36 57 70 64 56 44 53 58 62 
0 65 45 18 28 16 2 10 28 62 71 45 53 85 81 79 84 74 72 86 102 107 96 99 101 110 103 22 26 60 64 85 108 98 83 76 80 97 93 84 
0 65 45 24 16 14 2 7 25 59 68 42 50 82 78 55 44 59 62 77 93 86 75 78 80 89 88 48 26 57 64 84 107 97 82 76 80 97 93 83 
0 69 29 10 17 18 28 55 61 54 62 67 80 91 71 61 53 32 26 24 28 32 49 59 46 56 74 90 58 17 16 36 68 87 94 94 102 94 72 56 
0 80 33 12 11 18 31 58 64 57 65 70 104 119 102 92 74 32 26 24 28 32 49 59 46 56 70 77 59 36 16 36 68 87 94 93 93 85 63 47 
0 50 32 36 66 38 10 23 41 51 52 57 48 52 46 55 56 50 54 46 26 38 67 77 64 61 66 58 80 100 100 121 150 139 122 128 137 131 103 76 
0 43 32 36 48 30 10 23 41 51 55 57 48 52 46 55 56 50 53 46 26 38 67 77 64 61 66 55 62 100 100 121 150 139 122 128 137 131 103 76 
0 42 30 33 37 28 26 40 49 51 53 40 22 14 37 51 30 27 39 48 44 32 58 90 77 71 79 77 82 79 82 88 106 113 108 95 99 102 87 108 
0 16 30 24 40 52 26 46 55 57 60 39 22 14 34 48 27 22 34 35 44 32 58 90 77 71 79 77 82 79 64 70 88 95 94 81 85 88 73 78 
0 4 8 9 8 16 24 16 26 43 47 27 14 10 10 18 16 12 12 10 23 66 105 108 87 82 90 96 102 99 89 88 79 52 20 12 24 45 51 54 
0 4 6 10 8 16 24 16 34 67 64 27 14 10 10 18 16 12 12 10 20 51 90 93 72 67 75 81 87 84 74 73 64 37 20 12 24 45 51 54 
0 12 16 31 16 20 31 31 26 10 4 9 16 32 38 43 73 87 83 95 111 119 122 117 111 112 111 105 107 100 85 89 97 92 72 58 60 71 60 38 
0 12 36 27 16 20 28 34 21 0 4 3 14 32 38 43 73 87 83 95 111 119 122 117 111 112 111 105 107 100 85 89 97 92 71 49 51 62 51 38 
0 90 93 88 68 54 65 79 70 57 70 76 45 28 33 62 72 68 86 109 108 104 104 104 115 132 135 124 120 112 95 90 84 74 70 53 34 39 51 60 
0 90 93 88 68 54 65 79 71 58 48 52 50 28 38 67 77 73 91 114 113 109 109 109 120 137 140 129 125 117 100 95 89 79 75 58 39 44 56 62 
0 84 85 87 80 84 89 90 98 97 94 91 52 26 32 48 89 100 83 86 98 101 95 88 95 99 92 100 114 106 93 88 88 78 54 40 49 73 74 61 
0 84 85 88 80 84 89 94 98 96 93 88 46 26 32 49 90 101 84 87 99 102 96 89 96 100 93 101 115 107 94 89 89 79 55 41 50 74 75 62 
0 20 28 44 66 70 89 109 105 86 72 67 53 25 6 4 18 52 81 93 80 56 44 52 75 96 106 111 116 106 86 80 71 58 52 45 44 63 81 75 
0 20 34 50 58 66 85 105 86 67 51 50 39 25 6 4 18 52 81 93 80 56 78 84 107 128 138 143 148 138 118 112 103 90 76 54 52 71 89 83 
0 32 16 24 37 42 39 47 53 46 38 51 49 30 24 37 68 77 67 71 68 83 56 40 50 62 77 110 125 104 89 90 83 68 53 54 75 99 93 64 
0 32 16 24 37 42 42 52 57 50 47 60 50 30 24 36 67 76 66 90 91 84 56 40 50 62 77 110 125 104 89 90 83 68 47 54 74 98 92 63 
0 46 28 12 18 29 24 17 13 11 10 12 30 30 40 50 67 79 76 78 78 38 14 32 41 52 63 79 96 89 75 63 42 38 49 52 56 76 98 86 
0 46 28 12 20 32 24 19 16 20 16 18 29 30 40 54 71 83 94 78 74 38 14 32 43 54 65 81 98 91 77 65 44 40 56 52 56 76 98 86 
0 44 40 40 22 6 13 21 20 36 63 53 30 28 24 16 35 61 44 32 37 66 72 50 46 49 54 69 78 64 55 72 79 58 20 0 11 37 48 38 
0 48 44 33 22 6 8 21 20 34 43 43 38 28 24 16 38 48 44 32 41 68 72 50 46 51 56 71 80 66 57 74 81 60 20 0 18 53 67 57 
0 36 28 32 18 10 8 9 16 39 54 37 58 90 110 110 110 90 71 90 82 34 42 77 74 68 77 92 102 87 81 86 79 82 99 88 74 56 50 50 
0 36 54 32 18 6 8 10 16 38 53 57 58 77 90 107 110 104 84 90 82 34 42 79 74 68 77 92 102 87 81 86 79 82 86 88 74 56 50 50 
0 40 24 38 62 50 28 36 34 28 38 42 44 61 66 66 86 95 74 44 46 78 72 44 56 64 55 62 79 79 67 67 72 66 44 20 36 61 69 66 
0 40 24 38 53 48 28 36 34 28 38 42 44 61 74 66 86 96 74 44 46 66 63 44 56 64 55 62 79 79 67 67 72 66 50 20 29 45 50 47 
0 14 15 4 12 28 34 22 12 12 26 23 12 29 54 40 20 10 6 8 24 29 31 41 27 16 25 36 48 41 29 35 41 50 61 89 92 99 91 68 
0 14 16 4 7 9 34 14 8 12 27 26 12 39 41 31 17 10 6 7 21 26 28 37 23 16 25 36 49 42 30 41 47 56 67 68 71 78 70 49 
0 55 59 76 78 46 12 28 46 44 50 44 26 33 33 26 10 10 26 28 26 37 36 16 17 29 25 22 18 18 21 8 13 31 36 30 42 58 52 42 
0 56 60 76 66 46 12 30 52 44 46 44 26 34 44 30 10 10 19 21 19 30 29 13 14 24 20 17 14 14 17 8 13 31 36 30 42 58 52 42 
0 70 34 10 26 57 72 56 36 38 47 57 66 80 38 8 6 4 6 9 8 11 19 20 15 18 32 40 28 15 13 19 22 22 27 36 52 67 64 38 
0 70 40 10 6 49 72 56 36 38 40 25 43 70 46 15 6 4 6 9 10 13 25 28 23 26 40 48 36 23 21 26 30 30 37 46 62 77 74 48 
0 48 60 68 69 44 42 61 54 44 54 66 78 53 30 37 26 22 28 25 18 18 10 6 7 8 15 26 20 14 16 12 6 15 22 26 33 32 37 44 
0 48 60 68 65 40 42 53 54 44 64 86 95 62 65 50 26 22 28 25 18 18 10 6 7 8 15 26 20 14 16 12 6 15 22 26 33 32 37 44 
0 34 34 42 63 72 48 42 48 54 52 54 50 28 24 14 14 29 52 57 45 33 38 46 40 22 27 28 23 16 20 29 26 25 22 24 27 39 51 35 
0 27 27 42 63 70 48 42 48 54 52 54 35 31 24 14 14 25 48 53 39 27 28 34 28 22 27 28 23 16 20 29 26 23 22 24 27 39 58 42 
0 88 88 70 73 76 84 100 80 54 40 25 8 15 16 10 16 25 41 46 45 43 45 36 28 35 33 28 39 53 53 54 52 54 42 26 30 27 12 15 
0 88 88 70 75 76 84 94 81 54 40 22 23 22 16 10 16 25 41 48 60 56 58 42 28 33 31 28 39 50 59 60 52 54 38 26 30 27 12 15 
0 32 20 52 66 58 54 63 66 61 43 15 16 24 50 56 44 57 69 60 30 34 49 64 72 72 64 56 57 50 56 56 44 49 49 26 26 34 34 34 
0 32 49 52 66 58 54 56 50 65 37 20 16 19 18 31 44 62 80 62 30 32 47 55 55 55 47 49 50 50 56 56 44 49 49 26 26 34 33 33 
0 108 86 62 74 59 50 62 69 49 44 28 24 21 22 22 20 10 2 4 12 17 35 39 21 17 23 29 37 42 22 26 38 40 44 54 65 77 64 50 
0 108 96 62 74 66 50 62 63 54 43 18 24 23 7 17 15 10 2 3 12 20 38 42 24 20 26 33 56 42 22 27 38 40 44 54 65 77 64 50 
0 68 94 70 38 16 32 34 38 51 79 62 32 56 69 41 20 10 6 13 26 30 35 31 35 50 44 33 22 16 31 30 16 22 31 35 47 53 44 54 
0 68 96 70 38 16 28 44 48 49 73 49 32 56 57 34 18 12 6 16 26 30 35 31 35 50 44 30 15 16 32 30 16 22 31 35 47 53 44 50 
0 49 9 12 44 54 56 61 3 9 17 16 44 50 60 55 40 26 32 29 24 10 21 24 18 23 34 38 33 31 24 16 20 27 32 33 37 56 56 50 
0 84 28 12 36 54 16 21 14 20 36 56 44 39 57 46 27 29 32 37 24 10 21 24 18 23 34 38 34 33 24 16 20 27 32 33 37 56 56 50 
0 62 76 60 46 34 40 28 39 45 61 82 56 48 44 46 56 54 38 32 17 14 29 49 55 57 60 67 62 35 24 24 24 29 34 47 59 55 36 27 
0 62 60 60 45 34 40 53 71 77 111 104 56 44 50 44 49 54 38 24 14 14 40 76 76 62 65 81 72 36 24 24 24 29 34 47 59 55 36 27 
0 82 43 24 24 32 49 54 26 28 50 38 44 65 51 42 27 8 14 36 32 22 32 16 4 8 16 18 22 16 8 22 27 35 45 46 50 62 60 55 
0 82 60 24 15 32 57 60 0 20 38 38 44 36 55 41 20 8 14 29 29 22 28 15 4 5 16 18 25 22 8 16 29 36 51 52 56 68 66 61 
0 30 36 64 86 64 48 54 70 80 85 80 52 50 46 36 24 26 12 16 20 24 24 17 16 17 19 9 2 16 38 36 34 42 44 49 58 71 66 57 
0 30 36 67 86 64 48 54 74 74 88 80 52 48 46 36 42 31 12 16 20 25 24 19 16 20 8 10 2 16 31 31 34 42 44 49 58 71 66 57 
0 88 82 53 10 24 48 50 56 68 58 32 44 47 38 34 22 20 28 18 23 41 18 21 52 29 31 45 40 32 32 32 30 20 18 20 26 41 41 31 
0 88 82 56 28 24 40 42 31 46 40 32 27 23 11 24 24 14 20 14 32 47 18 24 45 32 41 35 33 32 32 34 26 19 18 20 26 41 41 31 
0 52 40 64 82 74 79 79 83 85 80 76 73 66 26 8 30 48 52 45 30 7 10 29 24 22 14 3 17 12 16 33 41 44 44 55 70 79 60 45 
0 42 40 43 64 56 61 61 66 70 62 58 70 68 40 8 30 50 52 50 30 8 10 32 21 12 5 9 16 12 16 42 60 46 44 60 75 84 65 46 
0 58 72 75 60 46 59 66 69 60 42 28 64 94 90 90 72 36 34 26 26 46 54 32 8 19 24 41 50 65 58 34 24 23 22 16 30 60 70 56 
0 64 72 75 60 46 62 69 56 59 33 28 55 94 90 90 72 36 34 26 21 46 55 42 8 20 35 46 60 70 58 34 23 28 22 16 36 75 86 68 
0 36 22 26 58 44 32 48 67 66 70 70 62 80 84 86 90 90 64 48 40 18 14 42 80 56 50 55 40 14 16 22 25 28 20 29 22 12 14 22 
0 40 22 26 48 44 32 48 92 90 82 70 62 72 84 86 74 71 59 48 40 18 11 45 75 56 50 60 43 14 16 22 28 28 20 24 15 12 14 27 
0 51 48 49 48 52 66 82 81 54 40 42 64 75 98 108 81 43 40 47 29 30 51 60 35 27 32 24 6 9 20 37 48 26 34 41 34 28 22 10 
0 62 48 49 52 52 66 80 77 54 40 42 64 75 85 90 78 50 36 46 30 30 61 50 39 29 30 24 10 12 20 46 49 26 34 44 34 28 22 10 
0 24 22 38 52 40 26 50 57 28 20 24 20 35 25 41 62 68 66 60 54 42 24 23 35 32 29 22 9 14 26 24 1 8 6 5 3 2 11 14 
0 36 24 40 52 33 26 57 45 25 20 24 20 35 45 42 65 71 65 57 54 42 27 33 34 32 16 13 1 11 30 21 5 5 6 6 4 2 8 12 
0 62 58 64 63 65 42 52 60 65 68 52 46 29 45 66 77 67 67 51 36 36 46 44 32 41 54 63 79 75 46 17 19 19 18 18 10 14 28 26 
0 62 58 64 68 66 42 52 72 72 68 52 46 42 43 47 50 63 52 50 40 36 50 39 22 22 18 19 25 35 31 11 13 14 18 18 10 16 30 28 
0 84 58 40 59 66 76 77 67 59 58 38 22 40 45 28 2 5 24 33 34 47 57 40 42 50 48 72 71 46 20 5 13 32 38 32 28 24 27 24 
0 86 60 40 58 70 76 80 76 62 66 46 22 29 43 44 48 32 6 31 34 37 35 26 26 57 78 68 69 59 28 12 20 34 27 25 28 24 28 24 
0 64 70 62 66 68 42 31 19 8 8 38 68 62 41 36 38 53 47 12 16 26 49 47 60 71 58 27 46 32 26 50 44 30 22 22 20 26 24 20 
0 64 69 62 66 56 41 25 27 30 30 38 54 56 48 40 38 42 41 22 4 1 17 48 54 60 55 29 43 29 23 47 44 30 22 22 20 26 24 20 
0 110 80 50 57 54 46 42 42 44 38 26 19 36 42 38 42 46 50 51 39 31 55 49 34 0 10 30 24 20 20 18 22 22 8 4 8 6 10 18 
0 92 62 50 57 58 46 50 52 44 38 26 24 29 28 14 20 52 48 54 58 60 61 58 40 18 10 28 35 33 20 18 22 22 8 4 8 6 9 12 
0 86 64 58 79 72 62 57 43 34 38 42 34 56 68 60 50 52 55 57 66 80 80 70 74 98 82 60 65 39 16 19 11 10 12 18 11 4 13 14 
0 68 46 58 79 86 64 60 36 34 38 42 51 55 51 50 50 52 56 60 65 72 72 70 74 98 82 60 64 41 12 20 7 10 12 16 12 4 15 23 
0 84 54 38 52 60 62 61 64 28 22 42 51 55 68 62 54 50 68 84 85 64 62 46 22 18 43 58 31 40 49 34 29 16 18 28 33 26 22 12 
0 81 51 38 52 67 69 76 61 23 22 42 74 65 42 59 54 50 68 85 90 66 49 55 23 18 33 42 32 27 48 32 26 16 18 35 35 26 22 12 
0 105 75 64 79 62 46 63 65 76 79 58 28 20 30 22 14 2 14 22 47 47 49 20 8 15 30 33 63 34 20 14 16 6 14 16 16 35 37 38 
0 64 78 64 85 62 46 63 63 76 80 58 28 20 30 30 14 0 0 0 0 35 29 4 4 12 31 34 44 57 24 18 16 6 14 16 16 27 30 38 
0 58 64 88 93 100 104 108 101 78 56 50 68 72 70 78 82 68 31 54 81 78 71 50 16 12 21 43 26 21 26 46 64 80 50 16 24 33 19 6 
0 58 64 88 90 100 104 108 105 82 60 54 68 72 70 78 82 88 91 102 96 80 65 50 18 12 30 46 46 22 26 46 64 73 58 16 24 33 18 6 
0 120 116 106 104 68 72 84 70 68 65 26 8 25 50 74 76 81 77 66 52 60 55 62 60 74 64 22 32 51 26 10 10 16 48 54 40 49 58 78 
0 120 116 106 104 68 72 84 60 68 48 26 8 17 33 47 42 53 74 53 50 58 58 60 66 71 54 22 14 35 26 10 10 10 30 54 40 49 66 78 
0 19 42 76 83 70 76 85 76 32 28 29 44 51 58 56 54 53 51 61 59 53 48 46 50 52 44 48 56 61 70 48 32 34 26 28 67 74 38 6 
0 22 42 63 69 70 76 85 77 68 44 42 44 54 61 61 56 57 55 64 62 48 56 48 50 52 44 48 58 61 51 44 32 34 26 28 60 67 31 6 
0 72 66 68 77 80 79 80 63 74 62 42 20 6 12 29 35 45 26 0 16 31 42 62 66 58 29 22 37 35 29 15 20 24 30 24 10 8 8 21 
0 72 66 68 77 74 73 70 61 52 62 42 20 6 12 29 37 43 26 0 8 34 42 62 66 50 39 22 27 43 30 21 20 25 28 23 10 8 8 21 
0 46 42 51 57 45 55 57 83 85 56 31 22 37 51 65 62 28 25 30 18 24 50 70 88 72 60 60 67 36 11 12 10 12 20 24 38 42 30 26 
0 11 42 51 57 45 64 82 67 70 64 37 22 30 44 58 63 54 46 32 18 24 38 50 55 64 59 59 62 44 19 12 10 12 20 26 26 28 30 26 
0 54 60 71 79 62 27 35 35 48 56 57 56 67 71 71 68 54 49 52 50 32 37 54 44 40 52 46 61 68 41 41 45 28 12 12 16 16 12 12 
0 54 60 68 80 53 39 42 54 56 62 60 56 67 71 66 68 54 56 27 50 32 41 59 46 36 48 46 52 56 42 42 48 28 12 12 16 16 12 12 
0 50 38 36 14 25 57 81 72 63 55 32 48 70 70 54 48 32 50 54 37 36 28 22 27 23 23 38 51 41 27 18 8 14 30 35 40 44 35 18 
0 50 38 36 28 21 65 88 83 64 48 27 48 70 70 58 48 32 36 60 34 36 24 9 13 30 29 29 51 50 26 20 14 14 29 34 39 43 34 18 
0 59 70 78 92 63 39 38 33 59 57 29 10 20 35 52 50 44 55 35 21 7 24 34 29 35 53 33 44 57 38 34 52 29 14 20 37 52 51 51 
0 54 70 78 91 77 41 28 36 55 59 32 10 20 35 68 50 51 65 61 29 8 14 36 21 21 25 30 43 54 42 34 34 32 14 25 42 57 56 45 
0 90 38 30 13 20 44 40 20 38 68 68 88 101 82 38 34 34 42 42 25 7 8 17 24 9 11 41 33 53 54 46 18 16 18 18 24 30 30 28 
0 90 38 30 24 4 27 40 28 38 65 68 88 101 79 38 34 44 48 50 22 14 17 13 2 6 4 12 14 7 40 38 30 16 18 18 24 30 30 28 
0 54 62 60 82 58 17 26 42 57 56 30 10 6 12 16 16 33 38 33 21 14 26 29 23 24 20 27 38 16 7 22 36 48 27 8 18 34 44 50 
0 11 62 60 54 64 34 30 42 56 66 30 10 10 9 9 0 5 26 35 22 14 27 41 39 30 26 28 32 27 16 22 36 45 27 8 18 34 44 50 
0 75 42 48 59 46 40 30 14 30 44 62 68 67 33 16 11 17 29 60 50 40 33 32 22 0 9 17 16 33 34 40 42 46 48 46 62 80 72 60 
0 74 42 48 60 46 40 30 14 38 54 62 68 74 51 30 43 34 48 68 61 38 43 38 21 6 21 41 40 38 34 40 42 44 48 46 62 80 72 60 
0 66 56 34 30 19 28 50 60 56 50 44 58 73 84 80 76 74 56 36 18 25 42 44 39 27 24 37 50 22 22 35 39 33 43 32 37 55 68 79 
0 73 52 30 26 18 24 44 56 52 46 40 58 74 74 74 64 62 45 29 11 0 22 43 28 18 8 25 34 22 22 34 35 37 39 32 37 55 68 79 
0 47 44 46 64 56 64 66 48 22 15 32 14 24 17 23 15 1 11 31 29 3 0 21 25 12 11 9 12 10 6 14 25 34 41 60 85 100 93 85 
0 41 44 46 62 56 61 63 48 22 29 22 14 33 40 33 36 26 20 26 35 16 0 0 4 0 7 5 7 11 6 14 25 34 32 36 61 76 69 61 
0 43 34 40 39 44 56 61 64 58 48 46 58 54 47 49 43 35 50 61 62 63 60 78 99 78 64 74 51 12 2 6 7 21 33 37 66 87 80 72 
0 47 34 40 42 44 56 61 64 58 48 46 58 48 40 41 36 28 41 45 62 74 85 92 89 73 57 74 59 22 2 6 7 21 33 37 66 87 80 72 
0 33 28 36 44 44 50 51 44 62 84 66 34 48 46 45 46 37 17 25 39 42 32 34 16 37 24 12 48 70 42 43 54 63 69 76 84 83 80 78 
0 31 28 36 41 44 51 52 44 62 84 66 34 40 39 30 35 26 23 19 21 32 30 44 58 31 26 14 31 63 42 43 54 63 69 76 84 83 80 78 
0 39 32 41 47 44 42 37 24 22 12 16 50 58 64 47 46 48 46 42 44 42 32 19 30 16 28 61 79 79 76 62 60 67 77 84 95 107 102 97 
0 42 32 40 46 44 42 32 24 17 5 16 33 33 29 25 33 48 48 44 42 43 29 26 30 18 28 47 59 59 76 62 60 67 77 84 95 107 102 122 
0 38 34 45 49 44 40 29 15 11 20 23 15 28 21 18 0 0 12 13 20 30 19 18 49 68 42 43 70 70 52 48 57 66 67 61 70 89 130 160 
0 21 31 58 62 51 57 40 15 11 26 23 22 54 64 44 28 18 29 23 21 24 28 18 35 58 42 43 70 70 49 48 55 64 65 59 68 99 150 160 
0 93 51 22 11 21 38 58 43 32 24 14 31 60 102 85 72 66 58 68 53 25 26 42 34 12 44 46 45 56 66 86 90 80 73 82 102 130 110 88 
0 89 47 22 19 28 40 43 39 32 24 14 37 66 74 77 72 66 58 68 61 38 26 35 35 28 44 46 45 56 66 75 79 69 62 71 91 116 99 88 
0 35 18 32 24 20 39 53 46 39 54 60 30 22 21 33 30 35 46 43 60 59 38 41 52 45 22 23 47 63 64 68 72 74 69 62 92 114 102 92 
0 39 18 32 24 20 39 53 58 47 56 60 30 33 37 37 48 46 53 50 47 52 38 27 31 46 22 23 47 63 64 68 72 74 74 100 114 126 109 92 
0 40 26 16 22 26 29 27 26 33 44 41 60 80 77 70 36 29 32 57 59 50 62 56 24 6 14 27 38 44 54 62 61 57 80 78 99 109 82 60 
0 23 26 16 20 22 25 26 22 37 44 40 60 82 102 72 58 30 26 53 55 50 62 52 24 6 12 25 36 42 52 60 59 65 70 78 119 104 73 60 
0 11 24 46 46 44 44 44 44 44 46 38 12 6 1 23 30 42 48 38 34 28 32 54 56 52 61 63 64 64 59 70 89 96 91 92 88 81 67 60 
0 18 24 53 55 53 53 44 45 47 54 42 12 8 16 30 32 42 62 52 36 28 32 54 56 52 61 63 64 64 59 70 89 88 79 62 63 48 62 60 
0 28 22 10 6 11 25 30 37 44 36 19 20 41 51 53 81 74 68 96 92 68 37 24 46 66 77 83 74 68 80 94 96 88 77 66 83 133 107 96 
0 28 22 10 6 14 28 30 37 40 43 14 20 37 45 44 53 55 58 86 72 59 38 24 46 63 74 80 71 65 77 91 93 90 78 68 107 123 121 96 
0 48 28 36 46 41 34 42 49 52 44 37 34 37 36 34 36 42 52 51 55 60 68 76 64 54 70 79 76 74 66 72 89 93 94 121 105 112 89 62 
0 43 23 36 44 38 34 42 49 47 44 38 34 37 36 34 36 42 52 54 56 60 68 76 64 54 70 79 77 75 67 73 95 130 132 130 124 107 81 62 
0 52 50 26 39 65 55 34 43 50 35 20 4 18 30 25 24 24 22 27 35 42 46 58 78 88 92 92 86 91 96 91 90 106 107 84 86 102 89 86 
0 52 50 26 50 80 58 34 48 56 38 20 4 18 30 25 24 24 22 23 36 42 46 53 68 78 82 82 77 82 87 82 90 103 95 77 83 92 90 86 
0 46 48 70 56 22 16 24 34 20 24 41 32 34 41 48 70 80 73 68 62 64 66 70 71 81 91 89 88 95 88 77 81 83 68 65 76 84 73 48 
0 35 48 70 58 22 16 24 25 11 24 35 32 36 43 50 72 82 75 70 61 54 66 70 71 81 91 89 88 95 88 77 70 63 52 61 62 65 55 48 
0 13 16 6 11 28 16 12 12 17 23 16 18 10 11 20 26 23 34 40 26 25 45 48 52 60 58 55 64 82 97 90 97 84 103 98 102 108 94 86 
0 13 16 5 14 28 15 12 3 23 16 16 18 10 11 20 26 23 34 40 26 25 38 41 45 53 51 48 57 75 90 127 122 122 124 94 104 132 116 86 
0 50 60 70 39 28 70 90 78 46 34 32 20 39 50 46 52 49 37 44 52 45 49 56 58 73 79 67 69 85 102 102 92 102 92 93 99 80 46 22 
0 50 60 32 32 28 70 90 80 36 34 32 20 36 48 44 50 47 35 42 52 45 49 56 58 73 79 67 69 85 130 102 92 96 92 96 65 60 33 22 
0 28 46 66 55 72 50 44 60 60 50 44 44 38 36 57 66 47 41 41 32 40 53 49 50 70 81 74 75 113 99 76 78 91 91 82 79 79 74 34 
0 36 46 52 68 65 50 44 54 60 44 38 44 38 36 61 70 51 45 45 32 40 53 49 50 70 81 74 75 74 62 63 78 96 94 82 100 112 74 34 
0 40 44 35 44 36 35 22 24 32 36 32 28 41 41 22 22 30 44 53 50 43 65 83 77 87 87 65 70 80 82 91 98 98 88 88 104 68 42 50 
0 40 44 42 42 26 25 22 29 32 32 31 28 38 39 22 22 30 44 53 44 37 59 77 71 81 81 59 94 131 136 126 118 106 88 88 104 68 42 50 
0 42 22 20 25 36 30 16 14 38 39 23 24 24 10 32 42 34 40 55 65 66 58 51 50 69 86 107 118 132 114 88 97 96 62 48 30 14 24 32 
0 56 22 20 27 33 24 16 14 29 34 24 24 24 10 24 34 26 32 47 57 58 50 43 42 61 107 118 118 136 114 81 77 62 50 45 25 14 23 32 
0 30 26 36 44 33 19 8 17 22 20 17 20 35 44 28 34 43 57 65 59 61 85 93 78 82 122 94 104 92 75 96 86 76 70 64 52 38 48 62 
0 30 26 36 45 40 5 8 22 27 25 15 20 35 32 28 34 43 57 65 59 61 85 93 78 82 65 60 65 73 80 110 109 99 83 64 52 38 55 61 
0 44 32 12 17 21 31 30 8 16 30 19 4 7 8 22 42 53 57 59 63 61 57 64 67 102 113 112 117 109 88 80 83 74 51 28 30 28 16 20 
0 52 32 12 13 19 22 21 8 16 19 17 4 7 8 18 38 49 53 55 59 57 53 60 99 132 144 128 144 146 88 79 85 73 46 24 26 28 16 20 
0 2 18 43 45 36 28 13 20 28 26 14 4 5 6 12 19 18 26 44 57 59 69 98 128 126 120 100 102 74 70 92 86 50 23 2 4 6 19 27 
0 6 14 28 19 14 14 5 20 36 33 8 4 5 6 12 19 18 26 44 57 59 79 111 94 66 53 53 60 60 70 92 90 58 23 2 3 6 19 27 
0 26 31 9 17 20 26 46 31 8 25 10 4 13 19 24 30 32 33 36 47 89 114 126 112 116 91 80 85 91 80 74 76 56 36 42 49 36 26 32 
0 26 32 28 26 35 38 51 23 8 12 13 4 13 19 24 30 32 33 36 83 102 114 123 112 116 134 132 131 110 80 78 80 60 36 42 49 36 26 32 
0 18 28 52 38 29 28 9 6 14 11 10 14 27 42 58 64 65 74 83 103 84 90 100 86 78 92 90 85 67 46 26 10 32 78 89 69 36 28 26 
0 18 28 44 50 40 40 18 6 11 15 10 13 26 41 57 63 64 73 114 91 69 48 60 53 60 75 80 83 73 54 24 10 29 54 65 53 36 28 26 
0 67 52 38 34 16 1 12 21 13 14 8 12 34 46 40 38 48 86 102 81 68 79 72 72 84 87 79 70 53 28 10 12 14 20 32 37 46 48 48 
0 76 52 38 34 20 8 12 20 20 10 8 16 47 59 53 51 70 70 69 69 72 98 110 110 116 120 102 86 66 28 10 12 14 20 32 35 38 48 48 
0 20 16 25 22 18 26 28 35 45 28 22 20 14 32 69 108 116 122 122 109 94 92 110 110 108 90 70 47 20 14 12 4 5 12 15 9 8 16 19 
0 28 16 28 22 18 26 28 35 42 30 22 20 10 34 78 108 116 122 138 130 94 92 118 129 113 90 70 45 20 14 16 4 6 13 16 10 12 17 18 
0 28 38 38 40 42 50 58 47 38 66 52 42 68 82 76 54 72 100 94 72 78 105 116 104 86 72 50 32 16 24 54 55 24 32 43 36 22 22 23 
0 28 36 38 40 42 50 58 47 34 66 52 42 75 79 54 54 72 93 78 69 78 100 101 94 86 72 50 30 16 22 42 39 24 32 43 36 22 22 24 
0 25 28 47 59 56 42 48 66 66 48 66 84 74 79 102 93 80 69 59 68 70 70 76 73 52 16 12 14 22 34 35 39 60 66 67 56 46 42 34 
0 34 43 66 68 56 42 48 44 50 48 66 84 74 83 100 88 83 62 69 74 77 89 97 85 52 16 12 14 20 32 33 37 45 53 54 51 46 42 34 
0 38 42 32 26 24 42 52 2 28 54 82 58 99 138 106 94 118 122 99 108 109 100 82 53 30 18 14 16 28 50 51 36 22 14 15 12 8 16 12 
0 38 37 32 26 24 37 47 54 80 90 82 58 110 131 101 94 124 143 126 116 110 100 82 61 30 18 14 16 28 50 51 36 22 14 15 10 8 12 12 
0 16 24 20 24 54 61 77 97 103 90 110 108 84 64 75 104 106 106 108 101 74 52 48 48 26 28 34 36 44 41 39 42 36 39 45 36 30 42 53 
0 26 28 24 28 48 61 85 122 79 82 104 108 84 72 82 87 79 103 112 104 72 50 43 40 26 28 34 36 44 41 39 42 36 41 47 36 30 42 53 
0 72 14 48 55 46 72 92 108 130 143 118 88 100 98 70 56 57 66 101 81 54 24 8 1 13 2 9 19 32 45 30 22 19 4 5 10 16 18 10 
0 72 96 83 44 46 72 92 108 130 146 118 88 83 98 70 64 84 87 88 73 41 11 8 24 14 2 13 19 32 45 30 22 19 4 5 10 16 17 10 
0 56 74 60 54 66 70 86 93 98 84 82 92 105 111 129 138 88 62 47 39 52 32 38 40 34 20 12 6 10 20 30 33 30 43 42 28 16 20 16 
0 56 74 55 58 47 64 86 101 98 96 82 92 104 120 152 138 88 62 55 58 43 23 38 50 25 20 12 6 10 20 30 33 41 56 55 28 16 21 16 
0 76 72 68 72 88 102 104 97 98 94 74 92 107 98 70 60 34 21 27 34 54 68 46 16 16 37 55 46 34 38 36 42 36 14 23 33 38 39 38 
0 76 77 66 66 102 122 104 98 97 85 74 92 104 87 46 36 34 24 41 47 59 70 46 20 16 27 49 41 34 38 36 45 36 14 23 30 27 38 38 
0 73 101 125 134 116 99 86 89 94 85 77 86 101 72 76 65 77 64 56 57 44 20 12 22 47 49 22 22 42 54 54 38 30 60 54 38 42 20 14 
0 78 110 134 123 96 88 85 83 79 85 71 86 101 106 103 64 72 63 56 49 27 20 12 22 43 45 22 22 35 47 47 38 30 50 44 38 39 20 14 
0 132 116 80 94 100 105 90 72 103 104 92 98 107 69 31 56 32 37 32 10 2 18 32 16 4 18 27 16 27 40 56 40 28 29 38 24 18 16 10 
0 104 86 78 88 120 102 64 70 102 108 90 98 106 74 37 39 52 42 31 8 2 18 17 16 4 18 22 15 26 55 58 40 28 29 38 34 18 18 10 
0 92 108 82 74 80 87 117 126 124 98 88 86 73 62 64 51 38 22 9 8 19 17 14 20 42 41 26 40 52 42 14 22 24 28 31 39 48 42 65 
0 100 106 90 74 84 108 125 126 124 110 88 86 84 69 64 52 40 17 10 8 14 18 6 20 36 35 26 42 54 35 14 22 24 28 31 33 39 42 55 
0 142 115 100 122 130 117 112 82 56 55 34 10 30 37 26 43 42 24 12 25 34 37 36 42 46 61 52 20 22 30 34 20 28 30 24 35 51 54 44 
0 137 103 95 122 146 134 97 76 56 54 31 10 16 29 26 40 45 22 12 32 44 56 51 42 50 65 58 20 24 33 22 20 28 30 24 35 51 50 40 
0 180 152 144 118 118 110 117 77 44 26 6 16 8 11 16 22 21 20 12 16 34 36 27 16 8 17 21 20 24 36 25 16 10 23 26 36 60 58 54 
0 180 190 144 118 108 120 106 76 41 20 6 13 25 14 13 5 13 24 12 15 30 28 29 12 8 17 21 17 24 38 28 16 10 23 22 32 56 54 50 
0 144 136 70 90 62 31 11 0 20 6 2 3 18 19 24 10 0 8 10 21 37 29 12 0 2 9 20 28 30 26 20 16 28 40 53 70 73 60 51 
0 144 125 116 98 52 54 46 26 20 4 2 4 11 15 22 24 8 8 10 24 29 29 12 0 4 14 25 29 30 26 20 16 22 34 47 64 67 54 45 
0 140 136 120 108 82 64 58 50 48 32 14 6 16 17 14 22 30 34 32 24 17 10 23 26 16 22 20 22 26 24 20 36 44 28 34 69 84 70 65 
0 140 136 102 100 77 64 58 58 48 32 16 6 18 28 26 22 30 34 32 28 26 33 26 5 4 5 3 18 26 24 20 29 37 28 34 69 84 71 88 
0 104 82 78 42 60 48 30 30 5 28 35 29 14 31 52 48 50 32 14 20 27 20 27 10 4 4 13 33 21 4 18 37 55 56 62 76 77 89 90 
0 104 73 78 84 54 48 30 30 35 28 35 28 14 19 33 48 50 33 14 21 37 42 28 20 10 15 26 33 17 4 12 31 49 70 76 90 89 108 90 
0 134 101 106 114 80 42 30 44 40 20 22 19 22 24 29 24 16 38 38 18 0 12 18 12 20 22 29 42 27 32 51 68 73 92 101 115 106 76 56 
0 138 114 110 117 84 46 30 38 40 20 26 30 22 31 37 24 16 35 37 16 8 9 8 7 11 8 21 30 21 32 60 77 103 92 105 119 110 54 56 
0 124 107 102 87 70 52 44 52 31 16 17 12 8 23 28 8 12 1 13 18 16 17 15 7 6 14 24 37 43 36 34 68 92 82 78 86 92 93 90 
0 124 120 102 75 70 52 44 49 31 6 8 16 8 28 30 8 14 18 3 10 4 9 11 3 3 3 21 50 53 36 34 74 96 82 78 86 92 110 90 
0 141 102 89 76 65 39 46 50 30 25 20 16 24 22 16 20 33 58 57 17 7 13 2 0 0 22 46 68 60 51 74 85 73 52 74 97 96 65 26 
0 146 108 94 100 70 44 46 15 26 31 23 16 25 22 16 20 33 47 39 18 24 30 34 32 23 49 52 64 62 63 73 52 55 52 74 97 96 54 26 
0 124 122 100 70 40 18 24 22 0 5 13 10 13 10 2 10 32 91 110 46 12 40 34 44 37 38 45 58 65 51 36 63 64 57 44 48 56 50 22 
0 118 116 94 64 34 18 20 14 4 3 11 10 9 5 2 13 37 99 119 62 12 18 66 62 57 62 80 98 91 63 60 88 94 67 44 48 56 52 22 
0 118 98 61 44 24 18 22 15 10 7 4 4 9 17 28 8 4 6 20 48 71 83 103 106 128 123 136 136 119 94 86 80 66 52 56 69 68 50 30 
0 118 61 40 31 19 18 28 22 10 12 6 4 10 20 20 8 4 6 15 48 38 75 103 112 128 128 125 113 95 92 86 65 52 52 56 69 68 50 30 
0 60 76 56 27 18 30 54 61 30 26 40 33 20 20 18 36 44 64 79 83 93 130 146 138 132 127 138 112 109 102 74 53 64 40 14 22 50 61 58 
0 60 75 64 36 18 26 47 52 30 26 33 34 19 20 25 30 44 64 92 96 106 130 146 138 132 138 115 119 122 102 74 75 58 37 14 22 50 57 45 
0 43 24 10 10 24 30 27 38 58 48 36 32 40 42 46 82 112 92 92 100 105 128 166 172 150 149 148 130 116 100 94 82 58 43 10 19 29 21 22 
0 32 19 12 10 19 26 24 30 51 46 36 32 40 42 46 94 112 92 92 107 105 128 166 172 150 153 163 150 117 100 94 82 57 37 10 23 33 25 26 
0 19 11 6 8 6 4 2 6 11 16 16 24 46 81 93 94 86 98 114 124 126 112 106 116 128 136 128 92 72 54 32 38 49 50 32 14 31 42 24 
0 14 10 8 8 6 4 2 10 17 20 20 27 38 64 106 90 86 98 114 124 120 112 106 116 128 136 119 89 74 54 32 38 56 24 24 14 31 51 32 
0 49 21 8 8 21 34 32 18 8 19 36 44 88 131 126 120 97 76 74 103 112 88 72 72 78 89 74 69 50 28 28 16 2 0 8 25 26 16 14 
0 51 21 8 8 26 48 34 18 8 15 22 43 114 136 120 120 91 76 74 104 112 82 72 72 78 89 84 55 35 28 28 16 2 2 7 24 32 16 14 
0 16 10 16 25 30 14 16 39 55 64 74 99 125 111 84 86 102 122 122 102 86 92 90 94 114 112 104 96 56 34 20 28 25 8 8 12 6 12 21 
0 15 9 16 31 28 14 16 29 37 46 96 98 86 84 82 86 104 122 122 102 86 92 90 94 114 112 103 91 68 34 20 28 26 8 8 7 6 12 20 
0 54 12 10 18 18 22 35 51 74 136 152 144 153 147 132 116 100 86 76 92 120 120 80 52 48 54 78 76 40 26 21 10 30 62 42 22 22 22 32 
0 49 12 10 4 15 22 44 66 108 142 152 156 176 164 132 116 106 86 76 92 120 120 80 52 48 52 67 54 29 26 22 10 20 37 37 22 24 22 32 
0 32 40 38 43 42 44 72 112 124 112 102 112 124 96 78 102 116 114 102 58 38 58 46 24 20 24 38 44 32 42 65 34 37 44 35 30 18 6 10 
0 32 40 38 43 37 43 72 112 124 112 102 111 91 67 78 94 116 114 102 58 37 50 50 24 20 25 44 49 32 34 43 34 37 44 33 32 16 6 10 
0 54 44 59 72 72 85 97 92 94 86 74 91 117 81 84 50 30 44 14 18 40 42 32 16 4 2 10 15 34 50 22 20 28 43 25 8 9 6 6 
0 54 44 56 69 78 80 71 75 74 70 74 96 117 133 83 40 25 34 6 18 41 39 29 21 4 2 0 10 25 47 40 20 28 41 37 15 10 6 6 
0 64 86 87 82 68 62 70 78 70 78 82 70 69 74 61 47 49 46 31 28 12 1 17 12 6 13 23 19 15 29 41 26 4 1 14 13 18 18 14 
0 64 86 87 82 60 45 69 72 74 90 78 70 72 53 58 61 62 31 44 27 12 8 12 14 6 12 22 23 18 32 34 21 14 1 2 26 18 18 14 
0 50 32 46 67 86 90 95 96 104 106 90 80 66 62 54 17 24 42 29 10 8 12 9 12 23 34 26 8 20 43 36 18 26 32 18 2 6 22 38 
0 50 32 46 63 90 97 90 92 94 95 90 80 74 80 55 30 40 47 32 10 2 9 12 12 26 29 21 7 17 40 30 18 17 23 15 4 5 17 29 
0 54 74 86 99 100 102 99 101 94 95 79 68 73 74 52 40 22 12 14 14 10 11 10 6 4 7 11 21 17 0 0 7 4 14 16 22 27 20 25 
0 54 72 84 106 100 111 129 131 139 116 92 68 70 70 56 37 17 13 14 14 12 12 7 6 3 7 13 18 14 15 8 11 16 16 16 19 24 20 25 
0 24 28 61 88 80 108 128 120 118 115 77 46 44 48 9 18 20 6 8 18 25 14 9 4 3 4 7 17 18 14 32 37 22 18 40 47 33 8 9 
0 24 28 70 85 80 108 134 116 118 116 78 46 44 47 47 17 20 16 7 25 28 16 16 0 0 2 4 15 25 14 24 29 22 18 32 39 25 8 9 
0 81 77 93 90 80 86 84 81 80 36 2 26 45 21 9 4 13 20 11 6 8 12 28 34 23 6 0 0 14 18 14 15 24 24 14 21 29 16 18 
0 86 82 89 83 70 78 82 46 33 0 2 20 37 33 22 4 12 22 14 6 7 11 30 38 26 8 0 2 12 18 14 15 15 18 14 21 25 16 18 
0 70 78 74 65 61 51 95 107 81 75 31 8 10 23 24 20 4 18 19 7 8 16 11 6 32 52 34 16 16 24 44 39 17 4 14 28 25 12 16 
0 63 78 67 64 42 89 87 118 116 60 34 8 22 25 17 18 4 7 19 7 6 24 12 6 20 35 27 16 16 21 37 40 22 4 10 24 29 12 16 
0 88 118 138 128 134 139 103 39 7 12 10 11 6 15 8 18 16 7 17 21 18 6 8 8 11 12 15 12 6 7 7 6 18 36 22 22 42 64 63 
0 88 118 142 132 134 136 74 71 38 12 10 9 17 10 0 4 6 0 8 26 20 6 8 8 11 16 13 12 6 7 11 12 17 27 22 22 42 49 48 
0 122 86 60 64 62 37 70 34 14 10 25 31 30 29 7 8 24 19 11 5 2 6 6 10 20 34 25 12 14 20 18 20 16 19 34 44 58 63 67 
0 106 70 72 60 62 54 54 36 14 10 22 25 28 38 18 11 21 19 12 6 2 4 6 10 20 31 31 12 14 20 22 20 16 19 29 39 53 58 62 
0 102 79 66 42 56 44 21 7 6 14 13 16 18 30 30 29 19 12 12 20 26 29 20 10 17 21 22 46 55 51 56 62 54 55 54 67 85 70 56 
0 86 90 50 42 48 38 26 7 6 12 16 8 16 27 33 29 23 12 12 20 24 26 16 10 17 20 25 46 53 49 54 56 54 55 54 67 85 70 56 
0 139 93 63 52 30 30 31 19 6 10 25 25 11 12 18 20 26 20 10 8 11 14 12 18 32 39 44 42 45 47 47 51 61 64 66 74 75 63 64 
0 138 92 62 52 21 21 36 23 5 10 24 27 16 15 20 22 28 22 10 8 11 18 12 15 29 37 44 42 46 52 52 56 64 67 69 77 78 66 67 
0 112 92 34 8 22 35 17 25 24 12 18 18 6 8 14 22 38 44 52 44 22 22 34 39 39 47 51 52 50 42 49 62 60 56 61 76 78 55 43 
0 112 92 26 8 22 30 22 26 33 12 18 19 4 6 14 22 31 44 52 44 22 22 33 38 38 45 50 52 50 42 49 62 60 63 76 91 93 68 44 
0 100 44 6 8 14 3 0 2 6 6 16 31 17 12 6 7 9 12 34 67 68 22 12 30 44 62 62 64 67 74 77 85 80 60 68 88 96 85 101 
0 100 46 6 8 14 9 2 4 3 6 15 24 16 10 6 7 9 12 30 56 45 22 12 30 64 71 66 64 66 69 72 80 75 60 68 88 96 88 93 
0 46 44 40 32 32 39 31 20 11 6 23 31 11 4 10 17 16 30 58 57 44 36 59 71 69 60 73 62 65 69 74 87 92 89 80 83 83 70 68 
0 38 35 41 31 30 41 27 19 13 6 23 28 16 4 9 22 16 30 58 57 36 36 52 64 64 77 72 62 65 69 74 87 100 102 80 83 83 70 68 
0 22 8 6 4 0 10 5 11 20 13 11 11 18 31 27 16 22 31 49 62 50 45 59 77 84 99 82 74 78 81 86 88 62 28 42 55 64 64 61 
0 18 8 6 4 7 13 10 4 10 14 12 12 18 25 23 16 22 31 49 62 50 43 57 85 118 106 88 74 78 81 86 90 62 28 42 58 67 65 64 
0 18 29 28 28 38 28 40 45 22 16 20 28 42 40 35 24 8 22 41 42 31 48 86 116 111 81 61 34 44 52 49 46 55 76 62 56 59 50 36 
0 18 24 28 28 34 28 38 38 19 16 16 28 41 39 34 25 8 22 41 42 38 64 106 116 102 104 68 34 44 52 49 48 51 75 62 56 59 50 36 
0 4 12 26 34 40 32 26 31 30 24 20 8 9 11 16 23 37 51 64 73 92 92 76 60 62 53 20 16 28 32 39 46 39 16 4 16 36 36 22 
0 4 12 29 40 40 32 26 27 25 24 20 8 9 11 16 17 23 37 50 77 106 92 67 39 30 26 11 16 31 46 56 63 50 16 4 13 33 30 22 
0 24 28 32 18 0 12 10 10 15 12 24 28 38 58 68 60 52 67 81 92 69 30 20 20 21 29 21 18 20 26 28 30 24 24 26 31 42 34 8 
0 24 28 27 16 18 20 13 15 16 12 21 28 34 54 64 56 48 63 77 82 43 2 2 9 28 32 27 15 17 26 28 30 24 24 26 31 42 34 8 
0 6 9 13 16 14 4 2 6 14 14 15 29 55 73 70 61 53 48 43 31 17 41 36 15 19 30 19 19 37 36 24 39 46 28 32 58 78 66 36 
0 6 12 18 21 14 4 2 6 14 14 15 28 55 73 70 61 53 48 54 52 64 72 57 54 54 56 46 26 36 26 24 41 47 28 30 56 76 64 36 
0 22 30 27 22 16 26 30 22 22 32 43 61 69 71 78 69 57 63 60 56 52 28 48 93 98 71 33 23 35 23 16 12 4 10 14 22 35 38 35 
0 22 28 24 21 16 25 28 22 22 29 40 58 66 68 75 66 54 60 70 45 16 24 58 83 104 79 21 13 26 28 16 12 6 10 14 22 35 38 28 
0 12 16 18 12 14 12 14 28 35 40 53 70 85 83 68 91 114 123 134 118 98 99 84 58 65 69 60 63 41 24 14 24 36 24 31 49 48 34 18 
0 10 16 18 12 14 12 14 24 31 36 49 66 81 80 99 104 116 133 134 118 114 116 86 58 65 72 66 66 72 45 14 22 29 23 30 48 47 33 18 
0 42 51 44 22 14 8 15 37 50 44 49 62 61 98 106 110 98 90 72 80 82 50 42 40 43 51 38 26 28 12 14 25 28 22 14 19 37 45 39 
0 42 59 27 25 14 8 15 37 50 44 55 89 95 98 106 110 98 90 72 88 90 45 42 40 43 51 38 26 28 10 14 27 30 24 14 19 37 45 34 
0 38 48 62 39 14 28 42 52 59 63 100 112 117 106 86 70 64 69 62 54 59 65 44 28 42 42 25 22 18 16 8 4 4 4 20 39 42 37 21 
0 38 48 62 43 14 23 37 47 55 96 100 112 121 106 86 70 64 72 62 54 60 64 44 28 42 42 21 21 22 15 8 4 4 4 18 37 40 35 19 
0 44 48 24 38 72 85 92 87 95 108 118 120 120 102 58 18 12 19 16 17 21 0 2 12 18 16 11 14 14 6 10 24 32 26 20 34 57 58 47 
0 44 46 24 38 57 91 98 93 94 108 118 120 120 83 58 15 12 26 16 18 14 2 1 12 14 13 12 12 14 6 10 22 30 24 18 32 55 56 51 
0 60 32 50 69 89 94 106 127 148 111 78 56 36 14 28 55 46 16 14 16 8 4 4 4 3 9 10 11 16 22 26 32 36 34 40 50 54 52 36 
0 59 32 50 83 92 94 113 150 148 114 78 56 36 14 28 57 43 16 18 15 8 4 4 4 6 10 8 12 16 22 26 32 36 39 46 56 60 58 36 
0 112 110 84 90 106 114 130 118 68 34 22 12 32 50 24 8 25 42 26 22 18 22 29 11 2 3 16 46 43 34 42 51 47 29 10 16 28 19 6 
0 116 112 84 90 106 114 130 118 68 33 16 12 27 37 20 8 30 42 26 22 18 22 28 17 2 4 12 24 40 34 48 57 53 32 10 16 28 19 6 
0 120 82 52 66 60 40 26 16 34 55 35 20 12 15 20 20 11 6 12 23 28 28 25 22 16 14 24 38 24 10 6 6 10 11 14 29 44 37 24 
0 84 51 52 60 52 40 26 16 34 51 38 20 12 15 18 20 19 9 12 18 30 32 22 19 16 13 28 33 0 3 6 6 11 12 14 29 44 37 22 
0 80 66 54 56 50 38 28 14 2 0 4 6 13 13 20 24 17 12 16 24 14 5 11 10 12 18 24 13 22 26 21 8 6 10 22 35 38 34 33 
0 61 58 54 55 48 38 28 14 6 9 7 1 9 12 20 23 16 12 16 24 18 6 11 15 12 21 24 14 23 26 18 8 6 10 19 32 35 31 30 
0 47 54 46 43 28 8 10 20 26 28 24 28 18 16 14 12 11 9 2 3 10 5 3 10 10 10 23 37 46 56 28 18 18 14 19 35 42 40 43 
0 35 54 46 35 19 8 10 20 26 27 24 28 36 10 9 11 16 13 2 7 16 12 3 0 1 7 31 45 82 68 32 18 18 14 20 36 43 41 44 
0 24 24 26 15 3 3 6 10 17 15 16 24 43 32 19 17 9 10 22 24 26 42 40 43 62 50 38 52 40 2 26 58 56 52 46 53 65 64 54 
0 30 29 26 16 6 8 6 13 19 17 16 24 29 24 15 18 10 10 17 19 21 29 36 40 53 50 38 52 14 2 19 34 35 50 46 53 65 64 54 
0 58 62 32 22 36 36 18 12 12 19 31 34 22 19 10 3 8 14 20 15 6 7 15 29 33 13 6 10 23 33 12 25 37 30 30 47 45 46 59 
0 62 66 36 22 33 34 20 12 12 19 27 26 29 22 14 6 8 14 20 15 6 7 15 34 27 17 6 12 31 28 12 25 46 30 30 47 45 46 66 
0 14 16 13 12 8 4 6 15 31 27 25 11 10 13 6 15 17 20 28 29 37 43 30 24 24 14 32 52 58 40 40 42 30 26 40 58 73 57 26 
0 14 16 18 12 14 7 6 12 28 24 22 24 12 14 6 11 12 15 23 24 31 37 20 7 3 14 35 55 55 40 40 42 30 26 40 58 73 57 26 
0 8 10 12 25 39 20 6 10 10 10 12 19 13 16 18 16 12 15 28 28 20 24 29 35 32 34 20 40 57 44 42 51 50 32 24 37 49 37 39 
0 14 16 12 15 20 17 6 10 10 10 17 22 17 16 18 16 12 15 28 28 20 24 29 35 45 28 20 44 64 44 42 51 46 32 24 37 49 37 32 
0 20 7 12 10 2 8 8 13 23 21 22 36 30 28 43 45 49 62 75 67 63 71 81 92 83 37 39 53 38 18 30 35 36 28 14 23 37 33 26 
0 24 10 12 16 8 8 8 16 27 25 26 36 32 28 40 40 40 53 66 58 54 62 72 87 78 48 22 37 32 18 30 35 27 21 14 23 37 33 30 
0 4 12 18 39 40 32 26 14 12 15 18 21 29 26 22 26 34 43 48 46 37 40 45 56 76 93 82 49 58 60 58 64 56 28 16 33 37 26 26 
0 4 12 17 24 38 32 30 14 12 15 18 21 24 23 22 26 34 43 48 46 37 38 60 56 84 106 106 118 82 60 58 64 56 28 16 35 39 28 26 
0 27 22 22 28 20 14 18 18 30 46 40 27 44 73 66 33 25 34 32 26 26 33 46 34 24 10 12 47 57 34 39 47 56 76 50 46 53 46 22 
0 30 22 22 28 20 14 18 18 29 45 39 26 43 72 65 32 24 33 31 25 28 33 16 7 0 0 14 51 63 34 37 45 52 67 50 46 53 48 22 
0 16 20 20 14 8 22 41 59 66 72 76 69 65 69 68 66 62 59 58 46 30 48 50 9 6 21 34 60 50 12 19 31 36 36 46 54 60 51 44 
0 16 20 18 14 8 17 30 41 48 54 58 51 47 51 50 48 44 41 40 28 30 48 55 42 37 41 65 63 33 12 19 31 36 33 44 50 56 47 44 
0 12 6 14 12 25 44 53 62 75 81 70 48 50 84 84 58 56 50 43 73 84 91 92 80 86 77 55 46 25 4 5 9 28 40 33 34 44 41 40 
0 12 6 14 12 30 49 58 67 80 86 75 53 55 89 89 63 65 59 54 78 84 91 92 80 86 85 42 44 35 4 5 10 44 65 54 55 65 63 40 
0 48 46 38 56 64 66 81 99 95 90 94 88 85 94 100 86 78 90 93 54 22 40 57 68 64 55 53 50 53 62 63 60 34 16 18 30 36 21 12 
0 48 46 38 44 64 66 81 99 95 90 94 88 85 94 102 104 78 90 95 34 22 40 57 65 73 70 82 90 73 62 63 60 34 16 18 30 36 19 12 
0 58 72 78 89 98 92 101 112 112 106 109 110 112 115 98 82 100 103 97 89 86 108 118 94 76 64 58 69 47 18 18 12 26 38 26 36 46 27 24 
0 60 72 78 98 98 92 101 112 112 112 117 118 120 123 98 82 100 103 97 95 86 115 125 100 76 64 58 67 42 18 18 12 26 35 26 38 50 30 24 
0 29 32 44 76 76 91 114 123 108 82 80 90 87 86 92 84 80 89 86 68 52 39 43 62 71 66 62 61 41 18 19 26 14 14 26 14 10 41 53 
0 36 32 44 76 76 91 114 123 108 82 80 90 87 86 93 85 80 89 86 68 52 38 42 50 52 45 61 64 34 18 19 23 14 14 24 14 10 27 46 
0 82 80 75 73 52 40 56 69 70 67 62 55 59 59 38 39 62 72 73 63 44 54 60 82 93 47 18 10 7 10 11 12 16 19 16 12 22 20 6 
0 82 80 87 74 52 40 56 69 70 67 62 65 77 77 38 39 61 71 72 56 44 54 64 74 76 54 17 10 10 10 11 12 14 17 16 12 20 15 6 
0 62 54 62 72 62 75 87 86 85 82 76 66 50 54 84 95 99 96 94 94 102 84 70 73 65 46 28 22 14 18 19 21 26 20 12 25 27 13 2 
0 62 54 62 72 62 69 81 80 85 83 78 66 50 54 70 93 98 95 93 93 92 84 70 71 61 48 28 22 18 18 19 21 26 20 12 21 23 14 2 
0 64 46 46 43 18 22 37 38 40 38 28 24 43 49 38 16 26 35 38 34 30 19 15 31 49 45 36 28 18 14 29 33 25 20 14 20 36 45 32 
0 33 15 19 22 18 22 37 45 40 38 28 24 35 41 31 16 26 41 44 40 34 28 20 25 48 50 40 34 18 14 29 33 25 20 14 20 36 41 26 
0 46 54 66 33 28 14 23 34 22 31 52 54 57 60 44 34 30 22 28 32 37 66 80 66 43 48 64 68 52 44 51 51 42 34 30 24 25 31 33 
0 46 54 52 71 37 14 23 23 22 34 52 55 60 63 44 34 30 22 28 32 35 45 59 69 50 48 64 66 52 44 51 51 42 34 30 24 25 31 33 
0 82 70 68 44 34 42 51 54 50 42 30 20 16 26 39 30 24 32 36 28 31 44 47 64 94 88 82 86 80 72 72 70 70 56 52 67 77 87 60 
0 82 70 70 61 40 42 51 54 50 42 30 20 16 26 30 30 24 32 36 28 31 44 47 53 77 88 82 81 80 72 72 70 70 56 52 61 71 81 58 
0 50 50 46 47 28 12 33 28 8 18 32 38 44 32 40 65 34 18 32 36 36 49 56 45 46 67 82 66 68 74 82 86 78 74 86 84 86 85 48 
0 47 47 45 43 21 9 23 15 8 15 23 24 28 27 37 53 38 18 42 42 42 55 62 51 52 63 63 74 68 74 82 84 78 74 85 84 86 85 48 
0 86 84 52 36 20 24 30 22 16 16 22 30 27 14 18 17 29 35 10 10 24 37 36 34 48 55 45 66 120 136 136 126 102 84 86 87 89 96 62 
0 82 80 52 36 20 24 30 24 16 16 24 39 34 14 18 18 33 38 10 10 24 37 36 34 48 55 45 51 68 76 76 76 76 84 86 86 88 91 62 
0 60 62 54 48 44 50 37 24 14 16 14 0 14 32 24 27 22 18 32 36 36 41 46 52 70 80 74 72 65 58 71 89 97 105 88 85 91 96 100 
0 35 33 53 47 43 50 37 24 14 16 14 0 19 34 24 28 22 18 29 33 33 38 43 49 67 77 71 69 62 55 68 86 94 84 67 64 70 71 100 
0 29 23 1 19 21 7 8 17 21 18 22 40 28 10 19 18 8 22 35 41 40 51 60 50 44 61 71 71 70 66 74 82 77 73 70 71 69 58 58 
0 34 25 6 22 26 12 14 22 26 14 22 44 28 10 19 14 8 17 30 36 35 46 55 45 39 56 66 66 65 61 69 77 72 68 65 66 64 53 47 
0 12 16 12 4 12 28 30 12 10 26 21 6 21 38 38 40 26 22 30 36 44 41 33 44 66 80 81 86 90 83 87 96 89 77 79 94 102 90 60 
0 12 16 12 1 12 28 30 10 10 27 19 6 25 38 48 49 26 22 35 41 49 46 38 49 71 85 86 91 95 88 92 101 94 82 84 99 107 95 65 
0 34 22 24 34 22 8 0 33 36 20 22 36 20 2 8 13 20 22 12 17 34 52 72 66 59 82 95 93 88 81 92 100 92 83 77 85 87 67 51 
0 33 21 23 33 23 8 16 22 28 20 25 36 20 2 10 18 20 22 12 17 34 52 72 66 59 82 95 93 88 81 92 100 92 83 77 85 87 67 51 
0 58 62 54 34 14 20 20 14 15 16 21 16 31 40 30 24 8 6 14 35 53 45 37 46 67 90 94 96 100 90 95 111 104 87 82 83 86 83 65 
0 58 62 54 25 14 20 14 18 22 16 22 16 25 33 30 24 8 6 11 32 50 42 34 43 64 87 91 93 97 87 92 108 101 84 79 80 83 87 98 
0 20 4 12 18 12 4 10 23 16 16 22 18 14 17 27 33 38 36 40 47 52 60 73 83 99 117 120 124 118 100 107 113 96 71 55 72 84 80 30 
0 14 10 18 24 10 2 11 7 8 14 22 18 14 17 32 35 38 36 40 47 52 60 73 83 99 117 120 124 118 100 107 113 96 71 55 72 84 60 30 
0 68 26 16 46 45 22 12 18 12 29 20 8 14 22 26 34 47 42 43 64 74 71 65 65 85 100 91 91 97 85 76 84 91 83 73 64 61 46 22 
0 62 18 10 27 39 16 12 31 44 10 4 8 11 26 26 36 47 42 43 68 78 75 69 69 89 104 95 95 101 89 80 88 95 87 77 68 64 46 22 
0 79 21 16 25 38 68 42 14 28 59 63 74 83 72 56 42 40 50 51 42 47 64 77 83 87 94 101 104 97 81 70 72 80 71 53 47 36 24 24 
0 84 26 16 25 32 68 42 1 30 62 67 74 84 72 56 42 40 50 51 42 47 64 77 83 87 94 101 104 97 81 70 72 80 78 64 52 36 24 24 
0 112 82 78 113 112 56 56 84 70 68 56 46 28 30 39 48 45 22 26 47 47 48 51 63 83 89 65 57 66 72 73 70 60 38 18 31 26 26 44 
0 112 82 78 128 112 56 56 84 88 68 56 46 28 30 45 48 46 22 26 51 51 52 71 74 94 100 76 62 71 81 88 85 67 38 18 29 26 26 41 
0 134 118 118 105 115 130 100 88 92 104 62 28 36 36 24 24 34 54 58 46 47 53 42 26 32 37 32 26 26 18 6 12 18 44 80 59 36 48 66 
0 134 118 118 124 134 130 100 88 100 104 64 28 36 36 24 24 34 54 58 46 46 57 42 26 32 37 32 26 26 18 6 12 14 28 48 43 36 48 66 
0 176 150 134 137 134 114 136 130 88 50 46 48 46 56 70 59 22 4 6 8 16 20 8 6 9 11 18 30 40 65 70 51 43 79 100 80 72 84 88 
0 176 150 134 153 136 114 136 134 88 50 46 48 46 58 66 51 22 4 6 4 18 20 8 6 9 11 18 24 34 55 54 35 27 39 64 54 72 84 88 
0 148 143 145 113 91 89 69 53 45 25 1 10 12 8 8 16 42 54 46 44 22 6 18 37 44 47 48 41 39 59 78 67 57 69 81 91 80 91 109 
0 124 134 160 146 118 104 84 68 60 40 16 10 12 8 8 12 28 37 37 37 16 6 16 30 37 40 41 34 32 52 71 60 50 62 90 105 80 94 112 
0 156 128 100 96 74 50 46 45 20 4 10 18 20 20 32 49 57 55 46 39 20 21 6 17 16 8 21 27 26 44 58 59 61 85 102 86 68 80 83 
0 156 128 100 96 74 50 48 56 20 4 10 14 15 17 29 46 54 52 34 31 51 19 6 17 16 8 21 27 26 44 58 59 78 81 101 78 68 80 83 
0 133 103 100 90 64 60 49 44 8 32 26 38 47 52 57 54 59 67 72 52 32 7 6 8 12 19 14 14 27 38 43 58 66 86 70 63 42 20 25 
0 164 134 132 122 96 92 106 53 40 32 26 38 47 52 57 54 59 67 63 58 38 7 6 9 14 21 16 16 29 40 50 61 66 86 93 77 38 20 25 
0 184 184 170 158 134 102 84 51 36 22 38 49 47 50 71 82 76 72 69 61 78 45 20 20 18 22 41 48 48 53 74 70 64 66 58 32 7 6 14 
0 176 176 170 158 134 102 70 56 28 22 37 51 54 57 78 89 83 79 76 69 66 54 20 20 18 22 56 72 58 63 84 76 64 61 53 28 10 6 14 
0 246 220 196 176 152 154 96 82 50 22 8 14 12 21 29 34 45 57 66 69 64 58 38 34 44 51 36 10 32 51 54 31 17 20 19 31 38 53 61 
0 246 217 193 173 149 151 132 147 27 18 5 10 10 22 30 35 46 58 67 70 62 68 38 34 43 50 34 7 38 61 47 35 34 48 56 46 38 49 57 
0 304 316 312 304 258 218 208 188 152 67 46 20 25 24 30 37 34 48 71 77 79 90 116 122 126 130 122 118 62 54 47 29 50 53 48 18 2 5 4 
0 304 316 312 296 250 210 200 180 86 66 38 12 20 24 32 39 36 50 73 79 81 81 80 83 87 91 97 81 56 52 63 65 61 60 52 12 2 5 4 
0 200 196 252 270 286 276 207 169 123 96 92 106 92 39 10 15 26 32 41 68 101 102 79 77 88 86 74 64 65 67 57 48 40 40 40 23 14 18 14 
0 270 266 252 270 286 276 238 189 92 65 61 106 92 38 10 20 36 42 51 78 111 112 89 87 98 96 84 74 75 77 67 35 31 47 50 30 14 18 14 
0 296 278 266 296 276 236 195 188 127 104 66 32 56 74 34 10 8 29 56 63 75 85 84 85 82 80 86 80 61 57 62 61 47 53 44 29 12 8 10 
0 290 272 266 173 194 236 137 172 178 41 59 32 17 32 34 10 8 32 59 66 78 88 87 88 85 83 89 83 64 60 65 66 64 53 45 27 12 8 10 
0 262 248 224 222 210 204 192 164 147 102 87 79 67 55 45 41 15 4 15 44 76 83 66 67 83 84 70 57 69 80 70 89 81 53 33 21 10 18 34 
0 250 236 224 222 190 204 190 93 146 116 94 78 76 37 39 40 16 4 15 44 76 83 66 67 83 84 70 94 130 141 131 108 100 104 87 37 10 14 30 
0 250 204 184 163 216 180 132 80 79 108 15 6 20 29 15 30 48 58 68 64 73 96 104 105 107 116 143 134 118 128 133 114 90 52 14 36 66 64 64 
0 262 216 184 214 134 106 132 115 99 105 39 3 6 17 13 23 44 58 68 64 73 96 104 110 143 154 150 134 118 132 136 114 90 52 20 34 51 51 51 
0 262 254 214 162 114 2 0 24 24 14 38 34 8 8 7 2 9 14 22 46 70 71 61 86 78 68 68 70 84 100 90 60 40 28 26 49 75 80 146 
0 262 254 214 162 114 100 71 46 24 22 34 39 16 6 8 2 4 10 22 67 98 99 96 86 78 68 68 70 84 100 90 60 40 28 26 49 75 124 166 
0 237 191 185 179 151 111 41 15 21 22 26 46 30 6 6 10 20 30 40 42 64 100 102 78 94 104 80 50 38 22 24 64 90 92 115 140 154 170 170 
0 272 226 204 184 170 130 60 34 40 22 28 26 28 14 6 10 26 39 42 42 64 110 102 78 94 104 80 50 25 22 24 53 85 92 104 129 157 184 170 
0 239 191 179 167 153 123 59 13 3 6 25 40 22 30 48 44 48 39 39 49 60 34 24 49 42 6 4 17 54 68 91 123 138 152 151 153 178 160 138 
0 235 187 178 170 156 126 49 16 0 0 18 45 26 29 15 9 11 16 22 35 25 6 0 10 0 0 0 22 54 68 88 120 135 156 186 188 162 146 138 
0 225 193 202 112 94 65 53 36 22 23 20 34 19 2 5 8 11 22 34 30 13 3 0 12 22 58 126 132 116 104 117 141 174 186 168 179 184 151 138 
0 230 196 162 168 151 146 93 54 40 28 20 31 30 2 6 10 8 18 12 2 0 0 8 0 16 52 74 84 94 104 117 158 202 186 168 179 181 161 138 
0 189 186 145 153 136 132 116 100 72 40 14 23 52 24 8 0 2 0 0 0 9 29 59 108 119 137 129 140 137 146 146 136 116 120 136 146 154 132 100 
0 186 186 188 138 135 132 116 100 84 46 6 13 41 26 0 0 0 17 33 52 60 80 95 108 141 155 124 126 153 146 146 136 116 120 136 148 165 140 100 
0 116 132 153 146 106 120 138 132 100 61 81 82 75 67 45 39 61 91 134 94 115 112 127 137 142 130 138 158 144 116 121 138 134 124 116 128 126 92 62 
0 137 132 136 129 99 111 129 124 100 76 96 97 90 82 52 46 56 92 130 122 118 126 139 140 139 134 138 158 144 116 124 138 134 124 116 128 126 92 62 
0 112 129 140 135 87 62 68 94 130 120 88 93 114 132 114 120 158 172 159 158 135 141 133 125 121 124 112 104 106 110 106 88 90 102 102 88 74 72 56 
0 112 132 150 133 104 86 74 94 130 120 88 93 108 132 114 120 158 172 160 122 106 112 132 125 130 124 103 104 106 110 106 88 90 102 102 88 74 72 56 
0 149 132 116 129 91 94 126 164 151 130 146 154 159 175 186 162 145 146 130 133 123 124 125 108 104 90 88 92 70 44 70 92 79 62 52 54 54 36 28 
0 128 140 136 108 94 94 126 152 156 130 146 154 159 170 186 162 155 161 165 136 123 128 112 116 103 99 99 91 59 44 70 92 80 62 52 54 54 36 28 
0 122 106 98 94 100 118 128 146 190 198 188 189 205 208 186 178 200 154 139 129 144 133 133 127 129 106 95 76 60 60 52 40 40 34 20 20 32 38 34 
0 115 106 98 94 100 118 128 146 164 198 188 189 205 208 186 178 144 140 103 112 126 135 140 108 103 91 68 44 41 41 40 28 31 29 20 20 27 38 34 
0 90 128 144 150 144 138 142 155 163 172 178 180 185 206 232 218 206 166 199 150 129 112 88 102 83 79 76 68 50 38 39 40 39 32 22 33 41 38 22 
0 90 128 144 150 144 138 140 153 161 172 178 180 185 206 202 218 157 175 186 150 121 116 134 115 113 101 87 80 62 50 42 43 43 30 22 33 41 30 22 
0 80 61 92 120 144 154 142 132 130 141 170 171 179 188 183 180 176 178 142 147 153 143 101 99 88 73 50 40 40 36 31 29 22 10 4 9 15 13 12 
0 80 84 92 120 144 154 142 132 130 146 167 168 176 185 180 177 118 104 149 155 120 101 122 105 73 53 42 40 38 32 28 25 16 11 4 9 15 15 12 
0 84 118 116 120 148 176 176 172 166 140 141 148 152 164 169 167 153 138 140 154 141 108 104 80 71 51 42 31 12 8 11 9 11 10 4 6 12 8 4 
0 84 118 116 120 143 163 175 172 166 140 141 148 152 164 169 167 164 159 155 174 83 90 90 112 73 78 19 8 4 0 8 14 23 16 4 6 17 9 4 
0 38 50 65 90 94 111 128 135 130 126 136 148 159 164 156 150 156 160 174 167 151 133 64 52 71 34 58 53 37 27 31 29 26 13 6 6 8 4 15 
0 38 44 52 65 69 86 103 97 86 104 114 126 137 142 134 128 134 87 82 72 112 47 66 48 43 76 53 21 32 22 25 37 23 13 3 4 3 4 20 
0 68 76 76 81 83 80 81 100 123 119 110 116 123 129 128 122 123 123 134 117 33 84 94 79 68 53 52 48 31 26 22 16 12 14 12 4 13 27 14 
0 68 82 82 87 89 86 87 106 129 125 116 122 129 135 134 128 129 141 140 122 104 93 106 81 68 57 51 47 28 25 21 13 7 6 5 3 26 38 14 
0 52 36 53 73 70 82 105 111 103 91 87 92 99 104 105 104 104 93 32 18 82 94 82 59 73 73 57 51 38 19 11 13 17 29 46 52 40 33 54 
0 52 36 53 73 70 82 105 111 103 91 87 92 99 104 105 104 104 99 87 78 66 58 57 52 55 57 53 47 41 15 16 18 17 24 34 40 36 36 54 
0 38 44 57 81 82 78 86 94 100 93 84 92 101 101 98 96 96 88 71 80 64 61 77 76 63 39 23 25 31 46 44 38 30 25 31 22 25 27 14 
0 38 44 57 81 82 78 86 94 100 93 84 92 101 101 98 96 96 64 95 72 70 99 107 86 54 31 34 31 39 48 46 44 33 35 34 20 26 23 14 
0 68 73 88 96 84 89 113 126 123 117 134 134 134 141 146 148 145 120 136 131 109 111 90 66 47 53 31 43 68 51 19 5 25 47 50 54 41 15 8 
0 68 73 88 96 84 97 121 134 131 139 152 136 134 141 146 148 145 140 131 132 134 85 82 46 36 34 55 62 62 46 14 0 26 41 37 56 42 17 8 
0 98 94 105 122 108 86 102 113 130 116 90 98 116 119 112 106 104 109 101 80 50 55 50 61 51 38 21 21 29 53 63 71 55 37 24 15 23 22 16 
0 98 94 105 122 100 86 108 137 136 116 90 102 120 123 116 110 108 113 74 49 19 30 50 35 14 0 6 27 27 24 35 67 48 36 23 20 21 16 16 
0 90 104 115 117 114 123 132 114 94 95 100 92 96 99 94 99 106 107 106 102 104 104 80 46 28 4 0 13 23 0 11 3 15 9 0 7 21 12 0 
0 90 104 135 137 126 128 132 114 94 95 100 92 96 99 94 99 106 107 101 95 99 99 80 53 24 0 3 23 27 18 15 16 16 10 10 14 20 7 0 
0 98 100 100 103 98 84 96 100 99 99 94 98 107 107 98 88 95 100 95 74 52 84 88 82 67 68 64 53 50 38 22 20 21 17 8 12 33 22 12 
0 98 100 100 110 105 84 96 103 100 104 94 98 107 107 98 88 95 100 99 78 56 52 76 81 74 72 58 45 41 13 26 26 26 8 0 12 16 22 12 
0 104 98 102 112 106 98 82 82 89 91 74 64 81 89 79 92 98 104 96 102 98 78 74 76 68 54 38 42 24 47 44 36 30 16 8 16 5 10 18 
0 104 98 102 111 106 98 82 82 94 88 74 64 81 89 79 94 100 106 108 120 108 88 77 86 78 64 48 54 76 74 54 46 34 19 5 15 10 10 15 
0 124 126 102 114 133 122 102 106 104 102 92 98 108 113 105 80 81 86 83 70 74 103 112 74 50 66 84 82 66 36 10 8 17 25 31 21 6 4 13 
0 124 126 102 102 116 113 102 99 102 100 92 98 108 113 105 80 81 86 83 70 74 94 96 74 50 66 84 82 70 32 10 16 27 23 27 15 6 4 13 
