0 0 0 4 11 12 15 18 10 4 8 18 22 17 16 20 17 10 9 13 19 25 28 23 12 12 22 26 27 23 15 19 35 46 38 28 32 28 20 24 29 28 32 34 27 35 47 43 28 11 0 2 10 12 7 16 29 26 26 27 21 17 17 21 15 5 2 3 1 10 14 8 11 20 18 8 0 9 13 -11 
0 0 0 1 7 8 11 14 6 0 4 14 18 13 12 16 10 3 2 6 12 18 21 16 5 5 15 22 24 20 12 16 29 40 32 22 26 22 14 18 23 22 26 28 21 29 41 37 23 6 0 2 10 12 7 16 29 26 25 26 20 16 16 20 15 5 2 3 1 10 14 8 11 20 18 8 0 9 13 -11 
0 0 0 0 0 6 19 12 11 13 3 0 2 5 5 9 19 24 16 14 7 0 12 27 31 26 23 24 22 21 21 21 24 17 16 23 19 20 18 14 28 39 42 43 35 21 7 12 18 5 0 9 12 24 25 21 30 28 35 34 13 14 25 25 7 1 2 7 23 36 29 16 9 7 1 0 3 3 4 -18 
0 0 7 0 0 6 19 12 10 12 2 0 2 5 5 9 19 24 16 14 7 0 12 27 31 26 23 24 22 21 21 21 24 17 16 23 19 20 18 14 28 39 42 43 35 21 7 12 21 8 6 15 18 30 31 27 36 34 38 37 16 17 28 28 7 1 2 7 23 36 29 16 9 7 1 0 3 3 4 -18 
0 0 8 0 6 14 6 0 0 0 11 23 19 12 16 14 4 3 14 18 9 0 5 17 20 20 13 9 18 18 18 24 22 18 8 7 24 35 38 38 27 18 30 34 27 34 36 27 19 12 12 22 35 27 12 24 33 20 14 20 29 32 31 36 30 11 2 1 0 13 30 26 23 30 21 7 4 19 34 -3 
0 0 0 0 7 15 7 0 0 1 12 25 21 13 17 15 5 4 15 19 10 1 6 18 21 21 14 10 19 19 19 25 23 19 9 8 25 36 39 39 28 19 31 35 28 35 37 28 20 13 13 23 36 28 13 25 34 21 15 21 30 33 32 37 30 11 2 1 0 13 30 26 23 30 21 7 4 19 34 -3 
0 0 0 0 5 8 11 9 4 8 9 4 3 9 9 1 1 3 0 9 19 12 14 23 17 8 10 15 15 15 10 14 30 30 17 14 16 18 14 15 33 36 27 29 35 43 33 20 23 15 12 23 22 16 10 5 5 3 11 19 19 34 48 41 28 17 5 3 14 27 24 9 6 10 8 11 23 29 31 0 
0 0 0 0 0 1 4 4 3 7 7 2 0 5 6 0 0 2 0 7 15 0 1 11 6 0 2 8 9 9 1 5 14 15 3 0 2 5 1 3 21 25 17 19 25 33 23 10 9 1 0 11 10 5 0 0 0 0 8 16 16 31 45 38 24 13 1 0 11 24 21 6 2 4 1 1 13 19 21 0 
0 0 0 0 0 0 5 8 11 6 0 0 3 0 4 12 6 6 11 16 9 0 0 6 7 1 0 0 3 0 0 12 21 16 14 22 19 14 21 25 21 25 33 24 18 24 18 15 15 11 7 0 0 3 2 6 17 12 8 4 0 6 14 16 12 1 0 3 2 8 15 12 7 14 9 0 5 18 26 0 
0 0 0 1 1 0 3 6 7 1 0 0 3 0 6 10 2 2 9 14 7 4 0 7 9 6 3 1 4 2 0 12 21 16 14 22 19 14 21 25 21 25 33 24 18 24 18 15 17 13 11 4 0 4 4 13 24 20 14 9 3 9 15 17 14 4 0 3 2 9 17 8 8 14 7 0 5 18 26 0 
0 0 0 2 0 0 0 3 1 0 0 0 3 5 0 0 1 0 2 2 0 1 0 3 4 7 21 31 26 21 16 18 28 31 13 2 11 18 15 4 5 13 13 13 4 8 24 27 24 20 17 17 14 12 13 12 8 12 21 19 9 2 0 0 11 13 2 0 6 10 2 0 0 7 11 15 16 8 10 -2 
0 0 0 0 0 0 0 1 0 0 0 0 4 8 2 0 2 2 5 5 4 2 0 3 4 7 21 30 24 19 15 17 26 29 11 0 9 16 13 1 5 11 11 13 4 8 24 27 18 13 10 10 7 5 6 5 1 5 14 12 2 0 0 0 11 13 2 0 6 10 3 0 6 14 19 28 29 21 23 -2 
0 0 0 0 2 0 2 2 2 0 3 13 6 6 13 12 14 16 18 15 7 2 0 7 16 26 35 39 33 18 9 17 28 21 17 20 14 14 8 0 7 20 24 14 19 34 30 22 18 19 21 19 16 13 6 6 18 22 25 23 10 4 5 10 10 9 3 0 4 15 13 5 6 9 11 7 5 14 10 -11 
0 0 0 2 2 0 0 0 2 0 0 7 1 0 8 10 12 13 15 14 7 0 0 7 16 26 35 39 33 18 9 17 28 21 17 19 13 13 7 0 7 20 24 14 19 34 30 22 16 17 19 16 13 10 3 3 15 20 23 21 8 7 12 15 16 15 9 5 9 21 20 13 13 15 17 13 12 21 17 -12 
0 0 2 4 0 6 0 2 6 3 0 0 6 19 19 10 15 23 17 2 0 0 0 5 16 24 23 15 2 0 18 22 9 10 5 0 0 9 23 17 10 6 5 15 16 20 35 36 22 6 0 0 0 8 17 19 17 10 8 7 7 7 0 0 2 5 0 3 10 11 16 28 28 20 17 24 20 10 17 -10 
0 11 0 5 1 0 4 0 1 7 0 0 6 19 19 10 15 24 11 0 0 0 0 3 14 22 21 13 0 0 18 22 12 13 8 0 2 13 27 24 15 12 11 19 20 24 39 40 22 6 0 0 0 8 17 19 17 10 8 7 7 7 0 0 2 5 0 1 9 10 15 27 27 19 16 23 19 9 16 -10 
0 13 0 0 0 19 6 0 16 20 5 0 4 20 31 23 10 5 0 0 0 0 5 15 10 0 0 3 2 0 2 12 14 4 1 0 1 12 14 5 5 15 22 18 18 24 17 8 9 10 8 5 5 9 4 0 0 0 0 6 10 2 1 11 17 8 0 0 11 23 18 15 11 5 4 7 9 23 29 0 
0 0 0 0 16 20 1 0 13 8 3 0 0 16 28 14 0 2 0 0 4 9 15 23 18 5 1 1 1 0 2 12 14 4 0 0 0 10 12 2 2 12 20 16 16 22 15 7 8 4 2 0 4 9 3 0 0 0 0 6 10 2 1 13 19 9 0 0 8 19 14 11 7 1 0 3 5 19 25 0 
8 2 0 8 23 8 12 0 7 3 0 0 0 7 4 0 0 1 6 0 0 0 4 10 11 3 0 0 1 0 8 14 2 6 11 8 0 0 11 10 1 1 7 15 13 3 9 17 3 0 1 0 1 7 13 14 20 14 10 16 21 16 11 10 2 0 2 6 0 0 2 9 12 9 18 37 25 9 19 -1 
41 42 5 14 8 9 0 0 6 8 0 0 0 0 11 0 0 8 10 0 0 0 5 13 9 2 0 0 4 0 4 10 0 3 9 5 0 0 11 7 0 1 7 15 13 3 9 18 5 0 1 0 1 8 14 18 23 17 12 18 23 18 13 12 5 0 4 0 0 0 0 7 9 0 10 30 18 2 12 -1 
0 0 0 0 0 4 0 0 14 9 0 0 3 0 0 3 0 0 3 0 0 0 3 4 3 12 7 2 6 0 0 5 15 11 2 2 0 3 8 0 0 18 30 28 22 20 21 16 6 0 0 0 7 22 24 23 18 7 2 0 8 14 5 5 2 0 9 0 0 6 10 18 10 0 2 13 13 17 21 -1 
20 20 3 0 0 8 8 9 16 3 4 0 0 0 0 2 0 1 0 0 0 0 3 4 4 15 8 4 0 0 0 2 11 8 0 0 0 3 9 0 0 18 30 28 22 22 23 19 10 0 0 0 5 20 22 21 16 5 1 0 8 14 5 5 1 0 6 0 0 8 9 15 10 0 2 13 13 17 21 -1 
4 8 0 0 4 5 0 0 0 2 0 0 0 0 0 5 3 3 1 0 7 5 2 11 7 0 5 3 0 0 0 0 7 20 15 4 0 0 6 5 2 9 19 32 29 7 6 16 8 0 0 0 0 3 10 9 2 3 11 7 1 2 2 7 7 0 9 18 11 2 0 0 0 5 13 22 14 10 30 -2 
54 18 0 8 18 15 10 1 16 16 0 0 0 0 0 2 0 2 0 0 6 6 3 11 6 0 6 1 2 1 0 0 5 19 13 6 0 0 3 4 1 7 17 32 29 7 6 16 6 0 0 0 0 3 7 6 0 1 9 6 0 1 1 6 7 1 10 17 5 0 0 0 0 7 15 24 16 12 32 -2 
50 14 0 2 6 20 21 27 9 4 0 0 0 0 3 0 0 3 1 0 0 0 2 0 0 7 9 2 3 3 0 0 5 6 1 4 10 2 0 5 12 7 1 1 4 9 15 14 5 0 1 0 2 2 0 4 5 5 3 1 11 17 13 10 6 2 5 2 0 3 6 4 7 8 0 9 17 14 13 0 
0 0 0 0 0 11 18 0 15 11 0 0 0 0 6 0 0 13 4 0 0 0 1 0 0 10 12 3 0 2 0 0 7 6 0 0 6 2 0 5 12 7 1 1 4 9 15 14 6 3 4 6 7 2 0 5 7 7 4 2 12 17 13 10 6 2 6 3 0 6 10 7 12 8 0 9 17 14 13 0 
0 0 0 7 4 11 0 0 0 0 0 2 0 5 5 0 9 7 0 0 2 7 7 1 0 2 2 0 0 5 2 0 2 0 4 12 4 0 1 6 17 17 8 15 24 14 2 3 3 8 9 5 2 0 0 1 1 7 13 13 4 0 6 13 11 10 8 4 4 5 8 9 2 0 2 7 6 0 0 0 
0 0 0 16 19 10 8 10 4 5 12 0 0 5 5 2 4 0 0 0 3 5 6 0 0 3 2 0 0 1 1 0 4 0 9 13 4 0 3 8 19 19 10 17 26 16 4 5 1 6 7 5 3 0 3 4 4 10 16 16 7 3 9 16 14 13 12 9 10 11 14 15 9 4 11 16 15 7 4 0 
0 0 0 0 8 31 45 18 1 6 5 0 0 3 4 0 1 5 0 0 3 0 0 0 0 3 0 5 3 0 0 0 0 0 2 3 2 0 4 7 6 14 20 10 3 12 18 4 0 8 15 13 19 15 1 0 1 0 0 0 12 18 6 2 0 0 3 0 6 9 5 5 5 12 15 7 6 14 22 -3 
0 0 0 0 2 24 15 3 3 8 7 5 0 2 3 0 1 3 0 0 1 2 0 0 5 6 3 9 7 0 0 0 0 3 6 6 0 0 4 7 6 14 20 10 3 12 18 9 0 8 15 15 22 20 6 5 6 3 1 0 12 18 6 3 0 0 3 0 6 8 4 4 3 6 9 1 0 8 16 -4 
0 0 12 0 5 10 22 13 1 0 0 0 0 0 7 9 3 0 0 0 0 0 0 3 7 7 12 6 7 2 6 0 5 7 0 6 4 0 6 18 11 0 13 34 40 31 15 4 0 4 9 3 3 13 15 20 23 15 12 13 20 21 14 19 14 3 3 6 0 3 19 22 4 0 0 6 14 26 32 0 
0 0 7 0 4 1 6 15 13 7 8 2 0 0 6 9 1 3 10 0 2 0 0 3 8 13 7 6 2 11 4 0 9 11 4 10 14 3 10 22 13 0 13 33 39 33 18 5 0 2 7 1 1 11 13 18 21 13 12 14 21 21 14 19 16 5 5 2 1 2 17 19 8 0 0 6 14 26 32 0 
0 0 0 0 3 4 20 16 15 10 3 0 0 4 5 0 5 4 0 0 1 0 2 13 19 13 17 14 10 7 0 7 11 5 10 23 17 2 7 11 0 2 12 10 11 15 19 17 6 0 6 15 27 22 4 9 19 17 11 6 2 2 9 21 20 6 0 0 13 26 26 24 9 0 3 1 2 10 13 0 
0 0 0 0 0 0 0 11 11 0 0 0 0 5 2 0 12 14 0 0 0 0 1 12 17 18 22 15 2 0 0 11 16 7 11 24 18 0 9 15 0 3 16 14 13 17 22 20 3 0 1 11 23 16 0 5 15 13 7 2 0 0 5 17 14 6 3 0 9 18 19 15 4 0 3 1 2 10 13 0 
0 0 0 0 0 0 2 4 4 0 0 4 5 1 0 0 1 0 0 0 2 0 0 0 5 8 0 0 1 2 0 7 24 27 16 15 11 0 4 14 12 3 11 30 29 17 13 12 0 0 0 0 3 0 0 10 13 1 6 15 8 2 1 5 6 4 0 0 0 6 16 13 2 0 4 5 1 7 15 -4 
0 0 0 7 5 0 0 11 0 0 0 8 10 0 0 0 13 16 1 0 12 12 0 0 5 7 3 0 0 0 0 5 22 23 11 10 7 0 4 14 13 4 12 28 27 15 9 9 0 0 0 0 4 0 0 10 13 1 6 15 10 4 3 7 8 6 3 0 0 6 18 12 4 0 4 5 1 7 15 -4 
0 0 0 1 3 0 0 7 9 1 0 6 8 11 0 0 0 4 3 0 2 1 2 10 5 0 3 0 3 6 0 1 3 0 0 0 0 0 9 18 7 1 3 0 4 10 12 13 8 0 0 2 10 11 0 9 23 20 11 9 7 8 13 12 6 2 2 0 0 1 5 15 11 0 0 3 7 13 16 0 
1 0 3 1 0 0 0 11 10 0 0 3 7 0 0 3 10 15 6 0 3 0 4 11 1 0 4 0 5 13 3 5 5 2 0 0 0 0 5 14 4 0 2 0 4 10 12 14 8 0 0 5 14 8 0 10 24 21 13 11 9 10 15 14 3 0 2 0 0 1 5 16 9 0 0 3 7 13 16 0 
0 0 0 3 0 0 0 6 7 0 4 24 23 0 0 4 3 4 0 0 10 7 2 2 0 0 0 0 2 0 3 5 6 5 1 4 4 0 9 6 0 0 3 11 16 10 3 0 1 2 0 5 9 7 0 2 7 6 10 18 15 14 20 21 14 5 0 0 0 4 8 6 1 0 1 5 6 13 25 -3 
0 0 13 3 0 0 0 6 3 0 7 25 23 0 5 4 0 8 0 0 4 5 4 2 0 3 1 0 3 0 4 11 11 8 3 4 0 0 9 6 0 0 3 14 19 13 5 0 0 1 0 8 10 2 0 2 3 2 6 14 11 10 16 17 11 4 0 0 2 6 10 8 3 0 1 5 6 13 25 -2 
0 0 0 12 0 4 0 5 5 0 0 2 2 2 0 2 15 30 10 0 0 0 0 1 0 3 2 0 1 0 2 1 8 7 0 2 1 0 0 0 1 3 2 4 9 6 4 3 0 3 6 5 8 5 0 0 0 2 2 2 8 10 6 1 2 4 0 0 6 15 11 7 5 0 7 13 11 19 26 -2 
0 0 0 1 0 7 14 19 17 0 1 7 2 0 0 0 6 9 10 0 0 0 0 2 1 5 5 0 1 2 4 3 10 10 0 2 2 0 0 0 3 7 6 7 12 9 2 6 0 3 7 3 3 3 0 0 0 2 2 2 8 10 5 0 0 0 0 0 6 15 11 7 5 0 7 13 11 19 26 -2 
0 0 2 2 0 0 2 5 9 8 13 5 8 4 0 0 7 17 16 0 1 0 0 5 3 5 5 3 6 0 3 11 8 4 2 0 0 0 4 4 0 0 9 13 8 3 0 0 0 0 0 1 8 3 0 1 0 7 16 21 16 6 2 0 3 5 0 0 2 9 11 4 0 0 2 5 6 4 6 0 
0 0 0 0 0 0 2 5 9 17 17 8 0 0 0 3 12 14 4 0 0 0 0 4 2 5 8 11 11 0 3 11 7 4 2 0 0 5 10 8 0 0 7 11 8 4 0 6 9 5 0 3 12 2 0 0 0 6 13 18 15 7 1 0 2 2 0 0 2 9 11 4 0 0 2 2 5 3 5 0 
0 0 1 1 0 10 18 17 20 13 0 0 0 0 4 4 4 0 1 0 0 0 1 0 0 8 14 15 17 16 6 0 15 14 0 1 3 0 2 0 0 3 0 2 8 1 0 3 0 2 0 0 0 3 0 2 5 5 0 0 0 0 4 10 3 0 0 0 5 3 0 7 5 2 3 0 3 9 11 -4 
0 0 0 0 0 8 16 15 20 17 3 1 1 0 12 20 6 7 8 0 1 5 5 0 0 8 14 15 17 19 9 3 17 16 0 2 7 5 6 3 1 6 0 6 9 1 0 1 1 0 0 0 4 0 0 5 10 7 0 0 2 0 6 11 4 0 0 0 5 3 0 7 5 4 5 0 3 9 11 -4 
0 0 0 2 0 0 3 13 15 13 7 2 0 5 6 3 0 5 11 0 1 5 4 0 5 17 17 15 7 5 9 15 23 16 5 5 9 4 4 14 15 3 0 0 5 8 4 5 1 0 0 0 1 0 0 2 1 6 6 0 1 0 6 15 10 0 0 0 11 15 5 1 2 6 6 2 14 12 3 -3 
0 0 0 1 0 0 0 6 8 3 0 0 0 4 8 7 2 0 4 0 1 5 5 0 5 17 17 15 7 5 9 15 23 17 7 6 9 4 4 14 16 3 0 1 4 9 7 5 1 0 0 0 1 0 0 2 2 9 8 0 1 0 7 16 9 0 0 0 11 15 5 1 0 4 5 1 13 11 2 -3 
0 0 0 0 0 0 2 2 0 1 0 0 0 0 3 0 1 0 1 0 10 13 4 2 5 9 9 13 14 10 10 13 23 24 12 6 7 3 1 2 4 7 2 0 2 1 0 1 0 4 12 11 12 9 0 2 7 4 4 2 4 2 1 4 1 0 0 0 2 2 1 0 0 5 3 0 8 8 2 -2 
0 0 0 0 0 0 1 0 0 2 0 0 0 0 0 3 0 0 0 0 10 13 4 2 5 7 7 11 12 8 8 11 21 22 10 1 2 0 0 1 3 6 3 0 3 2 0 0 0 6 14 14 17 16 0 2 8 8 8 7 9 4 2 5 0 0 0 0 0 0 0 1 0 5 4 0 8 8 2 -2 
0 0 0 0 0 0 2 8 7 4 0 2 0 0 4 2 1 0 1 0 4 4 2 6 2 0 2 7 8 4 5 7 6 9 6 0 1 9 12 8 3 4 4 0 1 4 5 1 0 0 1 3 2 3 1 0 0 6 1 2 15 12 16 22 5 0 8 0 4 6 2 3 0 4 4 4 5 6 18 -3 
0 0 0 6 2 0 0 6 2 0 0 2 2 4 5 1 0 2 0 0 4 4 2 7 5 0 2 7 8 4 5 7 5 8 5 0 1 11 15 11 6 7 5 0 1 4 9 7 0 0 1 2 2 4 5 1 0 7 4 5 15 14 16 24 9 0 7 4 5 2 0 1 0 3 4 4 5 6 18 -3 
0 0 0 4 1 0 6 2 2 2 0 0 0 0 7 12 5 0 7 0 7 22 19 10 3 0 1 3 4 5 8 9 4 6 16 8 0 1 2 8 20 17 6 1 13 28 23 6 0 0 11 14 8 5 3 10 11 10 10 8 1 0 7 8 0 0 4 2 0 2 0 1 0 0 0 0 3 5 3 -1 
0 0 0 9 0 0 5 0 0 0 0 0 0 2 7 15 0 0 8 0 7 22 18 10 4 0 0 2 3 4 8 10 4 9 16 10 0 1 2 8 20 17 6 4 16 30 24 5 0 0 10 13 7 4 2 9 11 9 10 8 2 0 7 9 3 0 3 1 0 0 0 3 0 0 0 0 3 5 3 -1 
0 0 0 0 0 0 7 8 1 0 0 10 16 4 0 0 0 0 0 2 5 2 0 4 7 4 9 6 0 8 11 4 0 1 0 0 0 7 7 5 4 3 12 13 2 0 2 1 0 0 6 10 8 8 2 2 12 17 13 10 11 6 11 18 7 0 3 2 1 1 0 0 0 0 3 15 17 17 22 -3 
0 0 0 2 0 0 7 9 6 0 0 12 20 8 3 0 0 0 0 2 5 2 0 4 7 7 13 10 4 6 11 4 0 4 0 3 0 6 6 4 3 2 11 12 1 0 2 1 0 0 6 10 2 3 0 0 10 15 10 5 6 2 8 16 5 0 3 3 2 2 0 0 1 0 3 17 19 19 24 -3 
0 0 0 0 4 0 5 8 2 0 0 3 6 5 6 8 7 3 0 3 12 8 0 3 6 2 1 4 3 0 0 10 8 6 8 1 0 0 3 2 7 8 6 16 18 15 13 7 12 6 6 4 0 3 1 0 5 7 0 0 2 8 15 14 14 3 3 7 5 2 0 4 10 8 6 9 7 1 2 -1 
0 0 0 0 2 0 3 0 0 0 0 3 6 5 6 9 9 11 2 4 12 8 0 3 5 0 0 2 3 0 0 11 15 11 13 2 0 0 0 0 4 5 3 13 13 12 11 5 11 6 5 5 0 4 1 0 5 6 0 0 2 9 16 16 17 9 5 8 6 1 0 0 2 0 0 3 1 0 0 -1 
0 0 2 0 0 0 16 23 11 0 5 11 8 8 9 17 26 11 2 17 20 7 0 6 17 24 10 0 12 22 18 15 20 25 22 16 2 5 4 0 6 19 19 9 0 4 15 20 13 8 0 0 4 7 4 10 13 2 0 2 0 0 7 8 1 0 5 5 7 7 0 0 0 3 8 9 5 0 0 -1 
0 0 0 0 0 0 8 7 5 0 5 10 6 6 7 15 20 7 0 15 13 2 0 6 18 25 13 2 14 25 20 17 21 24 19 11 13 19 10 0 9 11 15 5 0 3 13 13 9 2 0 0 5 7 1 10 13 2 0 4 2 2 9 10 2 0 5 6 11 9 3 2 0 3 10 10 6 2 0 -1 
0 0 4 0 0 0 4 15 5 0 0 0 0 6 11 8 0 0 0 4 5 2 0 3 11 6 0 6 13 11 12 14 12 9 16 21 12 13 8 0 2 11 16 13 0 0 0 0 0 3 0 6 9 0 0 0 5 14 5 1 3 5 13 9 0 1 3 3 7 7 0 0 0 0 2 3 1 0 0 -1 
0 0 0 8 14 0 2 9 1 0 2 1 0 5 10 6 0 0 0 4 5 4 3 6 14 9 0 6 13 9 9 8 7 4 8 13 7 4 3 0 6 15 16 13 0 0 2 0 0 0 0 5 10 0 0 0 5 14 6 2 3 5 12 8 0 1 3 3 11 5 0 1 0 0 2 3 0 0 0 -1 
0 0 0 0 0 0 0 5 1 0 1 2 0 0 1 0 0 0 0 13 18 0 0 5 6 14 10 1 5 12 5 0 0 3 6 11 18 13 6 3 2 3 10 8 0 0 7 1 0 0 0 1 5 7 0 10 14 2 0 2 2 2 0 0 0 5 7 11 12 2 0 6 13 4 2 9 8 4 0 0 
0 0 0 9 10 0 0 1 1 1 6 5 0 0 1 0 2 0 0 13 18 0 0 5 6 14 11 2 4 10 4 0 1 4 7 13 19 15 13 12 7 10 14 7 0 1 13 11 0 0 5 3 3 8 0 11 15 3 0 2 2 2 1 0 1 6 7 10 13 5 0 6 15 10 7 12 8 4 0 0 
0 0 0 2 10 0 7 13 3 0 0 7 0 0 4 3 4 0 0 15 15 5 1 1 1 1 6 10 9 0 1 7 11 6 0 2 3 4 8 6 0 0 9 6 0 4 0 0 0 1 6 3 3 0 0 4 10 10 0 0 11 5 0 0 0 6 14 16 5 0 5 8 9 8 3 13 21 18 16 0 
0 0 0 2 0 0 11 18 13 0 1 1 0 0 4 2 3 3 0 15 14 4 1 1 1 1 6 10 9 1 2 11 13 6 0 2 3 4 9 6 0 0 10 6 0 5 4 0 0 2 8 5 6 4 0 4 11 7 0 0 11 9 0 0 0 6 15 16 3 0 4 6 7 6 1 12 20 17 16 0 
0 0 0 6 9 3 1 4 11 0 0 0 0 0 0 2 0 0 0 7 10 4 7 8 8 17 14 4 1 6 5 0 0 0 0 5 6 0 4 4 1 3 0 7 6 10 8 0 0 0 0 0 0 0 0 5 9 12 0 2 8 10 4 0 5 8 3 11 18 3 0 0 3 4 3 8 6 3 12 -3 
0 0 0 6 16 16 15 19 6 7 0 3 0 0 2 5 3 1 0 7 10 4 7 8 7 11 8 0 0 5 5 0 0 2 1 6 7 0 4 3 0 2 1 8 14 18 12 0 0 0 0 0 0 0 0 5 10 6 0 0 6 4 0 -1 4 7 2 10 17 5 0 0 2 0 0 5 3 0 9 -5 
0 0 0 11 19 14 8 5 12 4 0 9 19 3 6 16 12 0 0 10 19 14 17 21 5 0 3 11 9 5 6 3 0 1 0 0 0 0 2 0 0 6 16 11 0 9 13 7 0 0 2 10 11 3 0 6 16 15 4 0 5 9 1 0 2 5 7 9 12 3 3 13 6 0 1 9 11 16 20 0 
0 0 0 10 18 13 7 5 10 3 0 4 14 3 1 14 7 0 0 10 19 12 14 20 7 0 0 8 7 1 4 1 0 1 0 0 0 0 3 0 0 6 17 10 1 12 19 5 0 0 4 12 13 4 0 6 16 6 0 0 5 9 5 0 2 4 4 6 9 4 7 15 6 0 1 9 11 16 20 0 
0 0 0 7 16 14 11 8 9 13 0 0 0 0 2 4 0 4 11 6 2 0 6 2 0 10 18 11 3 0 3 3 2 11 10 11 3 0 0 0 1 3 0 0 0 2 3 5 0 4 12 7 0 2 0 0 4 3 1 8 4 0 0 10 14 4 0 0 1 4 6 8 3 0 6 5 1 0 5 -1 
0 0 0 3 10 8 5 2 3 6 0 0 1 0 0 0 0 6 10 4 0 0 5 1 0 13 18 10 1 0 4 5 9 17 17 17 8 1 0 0 4 6 1 0 0 2 6 8 0 6 15 10 2 0 0 0 4 3 8 21 17 0 0 14 13 4 0 0 1 5 9 11 7 5 11 11 7 0 5 -1 
0 0 0 0 0 0 4 6 10 4 0 0 0 0 0 0 0 2 0 0 1 0 0 4 0 4 10 5 5 13 9 4 13 17 8 0 0 2 9 5 4 3 3 2 0 11 26 9 0 3 0 0 1 0 0 4 8 19 31 24 12 1 0 0 0 0 0 2 8 7 0 0 3 1 3 7 5 0 0 -3 
0 0 0 0 0 0 4 6 6 0 0 0 0 0 0 0 0 0 0 0 1 0 1 5 0 4 10 6 7 19 15 10 19 23 12 0 0 2 10 9 7 6 6 5 0 12 11 5 0 4 1 0 0 0 1 5 9 20 32 25 10 4 0 0 1 3 0 2 5 6 0 0 3 1 2 6 4 0 0 -3 
0 0 0 1 3 5 4 0 0 0 0 1 0 2 19 9 0 0 0 0 4 9 10 1 0 5 9 12 14 14 6 3 16 18 11 14 5 2 13 8 0 2 4 11 13 6 6 1 0 8 3 0 0 1 3 0 1 5 7 4 0 2 4 5 1 1 0 0 0 2 3 4 9 12 4 0 2 5 9 -3 
0 0 0 3 7 9 8 1 1 0 0 0 0 3 5 8 3 0 0 2 3 9 11 1 0 5 9 12 14 14 6 3 15 17 9 13 6 1 12 7 0 1 3 11 14 8 3 0 3 12 8 0 0 2 7 0 1 5 6 5 0 2 7 8 4 3 6 1 0 2 2 3 6 9 1 0 2 7 12 -3 
0 0 0 0 4 13 15 18 12 3 0 4 6 3 4 10 0 6 15 16 16 9 0 2 0 6 12 5 1 9 7 7 18 10 0 1 2 2 5 10 7 2 2 8 9 10 6 0 0 1 0 0 3 5 3 0 0 3 6 2 0 7 10 3 0 1 2 1 0 0 0 0 0 4 12 13 13 8 3 0 
0 0 0 0 4 13 15 18 15 9 0 4 9 1 6 2 0 6 16 16 16 8 3 5 0 6 12 5 1 9 7 7 18 10 0 1 2 2 5 10 7 2 2 8 9 10 11 0 0 1 1 0 2 4 5 1 1 5 8 8 5 13 16 9 3 4 5 5 3 0 0 0 0 4 12 16 16 11 6 0 
0 0 0 0 0 1 10 22 21 6 0 0 2 7 5 1 0 0 3 9 12 12 6 0 4 4 2 5 7 11 6 11 27 24 14 17 12 12 22 10 1 7 14 29 33 20 7 4 0 1 8 1 0 5 0 0 9 12 6 3 0 2 2 0 0 1 6 6 6 6 0 1 1 4 8 5 7 10 13 -1 
0 0 0 0 0 1 10 17 19 0 0 0 4 5 0 1 0 0 3 9 13 7 3 0 5 5 3 6 8 12 4 9 24 21 12 15 10 10 20 9 0 6 12 27 32 19 6 4 3 0 3 1 0 4 0 0 9 12 7 3 0 2 2 0 0 1 6 6 6 9 4 3 3 4 8 5 7 10 12 -1 
0 0 0 6 18 27 23 13 0 0 0 2 8 5 0 0 0 4 0 0 7 1 0 0 2 7 11 9 0 0 0 2 10 5 2 12 15 8 6 8 4 1 0 0 1 9 17 11 3 0 0 0 5 9 6 1 1 5 2 0 0 1 6 5 0 0 9 7 1 2 1 0 1 2 0 1 7 18 28 -2 
0 0 0 5 19 28 24 14 4 0 0 0 3 5 0 0 0 5 1 0 7 3 0 1 3 6 10 7 0 0 0 0 8 3 0 10 13 6 4 6 2 0 0 0 1 9 17 11 3 0 2 0 6 10 9 7 5 8 4 0 0 0 1 3 0 0 9 7 1 2 1 0 1 2 0 1 7 18 28 -2 
0 0 0 9 18 10 9 26 25 14 0 0 0 0 0 3 0 1 6 8 13 5 0 8 4 0 4 6 10 12 1 0 10 17 11 5 0 6 20 17 3 0 4 17 20 10 11 14 5 0 0 0 13 15 4 4 17 22 9 1 0 0 0 0 0 2 13 18 8 2 0 0 1 7 4 3 11 6 1 -2 
0 0 0 9 18 10 5 21 29 0 0 0 3 0 2 8 0 1 6 5 6 2 0 8 3 0 4 8 10 12 6 0 10 17 11 5 0 6 20 17 2 0 6 19 22 12 13 14 4 0 0 0 13 15 4 4 17 23 8 3 1 0 0 0 1 3 14 19 10 5 0 0 1 7 4 2 10 5 0 -2 
0 0 0 1 7 10 16 14 6 7 0 0 3 0 0 3 0 0 1 7 17 11 3 0 0 7 16 18 19 14 0 0 10 16 16 8 2 2 0 0 2 0 0 5 3 9 25 22 8 1 1 0 7 13 2 0 3 0 0 3 1 0 1 0 1 6 12 7 1 2 1 0 1 4 3 0 5 10 14 0 
0 0 0 1 7 2 0 6 0 0 0 0 3 0 0 4 5 3 5 10 19 9 0 0 0 8 17 15 16 12 5 0 10 16 16 8 3 4 3 0 2 0 0 4 2 8 24 21 10 6 2 0 7 13 2 0 3 0 0 1 3 0 0 0 1 5 11 6 0 0 1 0 0 2 2 0 5 10 14 0 
0 0 0 1 1 0 0 2 3 0 6 0 0 5 3 3 0 2 2 0 0 5 2 0 0 0 0 3 3 8 6 0 6 9 8 14 20 17 7 2 0 0 6 18 23 17 9 7 3 0 4 0 1 5 5 6 19 18 4 1 0 0 4 10 3 0 8 7 0 1 3 0 0 0 0 3 3 0 0 -2 
0 0 0 1 2 0 2 6 0 0 1 0 0 5 9 9 6 6 4 1 3 5 1 1 3 0 0 3 0 7 5 0 6 9 8 14 21 17 8 1 0 1 7 18 20 12 4 2 3 1 1 0 1 5 5 8 21 19 6 2 0 2 8 14 4 0 8 7 0 1 0 1 0 0 3 8 6 0 0 -3 
0 0 0 2 0 0 5 11 7 0 0 0 3 10 8 0 3 7 2 10 19 9 13 12 0 4 9 0 0 3 1 0 11 21 11 3 0 0 1 4 4 1 1 3 2 0 3 9 7 4 0 0 1 5 3 7 3 0 2 1 0 0 0 0 0 3 9 1 0 2 0 0 0 0 4 3 5 1 2 0 
0 0 0 2 0 0 2 2 1 0 0 0 3 10 7 0 3 7 3 11 16 7 12 11 0 8 14 1 0 4 3 2 15 26 17 8 0 0 2 6 11 8 6 7 3 0 0 3 4 5 5 0 1 4 2 6 3 0 1 1 1 0 0 0 0 4 6 0 0 2 0 0 0 0 4 3 5 1 2 0 
0 0 0 0 0 0 8 13 1 1 14 2 0 2 5 3 0 5 10 15 15 2 0 8 3 0 1 1 0 1 0 0 12 18 17 17 7 1 0 0 5 3 7 11 14 13 6 0 6 8 7 0 0 0 5 18 19 6 0 3 8 9 9 15 6 0 0 0 2 4 10 3 0 0 3 12 8 0 6 -4 
0 0 0 0 0 0 11 7 15 3 2 9 0 2 5 4 1 6 11 16 16 5 3 12 12 3 4 5 0 1 0 1 14 18 13 16 7 2 0 0 5 4 9 13 15 12 5 0 5 10 0 0 0 0 3 14 16 5 0 3 6 7 9 14 7 0 0 0 1 5 13 10 0 0 3 12 8 0 6 -4 
0 0 0 8 10 11 12 20 10 1 3 0 0 1 2 1 0 2 3 4 3 4 5 3 1 6 10 1 0 3 4 3 1 0 0 3 6 1 0 6 12 14 19 20 13 7 3 0 1 0 0 0 1 3 2 0 0 8 20 17 4 0 4 4 0 0 0 0 0 0 0 1 0 0 2 10 10 6 9 -2 
0 0 0 2 6 0 3 10 0 0 0 0 0 1 2 0 0 2 3 4 3 4 2 0 0 5 5 0 0 2 3 1 0 0 0 7 11 5 0 5 8 12 15 17 11 5 3 1 4 4 3 0 1 3 3 0 0 7 19 15 2 0 3 2 0 0 0 0 0 0 0 1 0 0 2 10 10 7 10 -2 
0 0 0 0 0 0 9 11 9 19 4 1 0 4 3 0 3 4 1 12 22 12 0 2 3 0 0 0 3 4 1 0 3 5 2 1 0 0 0 0 0 1 12 14 5 4 9 12 15 12 0 0 1 0 2 10 18 15 3 0 0 1 5 3 4 9 11 6 0 1 9 5 0 1 2 1 6 6 3 -1 
0 0 0 0 0 8 12 14 9 0 9 1 0 4 3 0 4 5 2 13 23 13 0 2 6 1 0 0 0 0 0 0 5 9 8 7 5 3 1 0 0 4 10 14 6 3 9 12 19 5 0 4 4 0 5 16 24 21 8 1 0 2 6 4 6 9 6 5 0 1 2 3 0 2 3 2 7 7 4 -1 
0 0 0 0 16 8 0 4 5 0 6 4 0 4 14 6 0 8 20 19 11 9 11 2 0 11 7 0 0 0 0 1 7 9 6 12 12 0 0 4 4 9 6 0 2 13 18 16 12 5 0 4 2 1 5 3 0 4 11 13 16 21 30 25 8 0 0 0 0 3 0 1 4 0 5 7 6 6 7 -1 
0 0 0 0 17 9 5 30 17 12 6 3 0 0 12 13 3 11 23 22 14 12 16 7 5 16 9 2 0 0 1 4 11 13 10 16 16 4 4 11 11 13 8 0 2 14 20 15 14 5 0 4 4 5 9 5 0 6 14 19 22 27 34 28 13 1 0 0 2 0 0 0 0 0 3 5 4 4 5 -1 
0 0 0 7 15 10 8 7 8 6 8 0 0 0 7 8 9 11 6 5 6 7 7 4 0 3 2 3 7 4 0 0 0 2 7 7 1 3 14 12 8 12 6 0 3 4 1 2 1 0 0 0 0 8 8 7 8 14 18 11 4 1 8 10 6 8 6 0 0 0 0 6 7 3 0 5 8 13 20 0 
0 0 0 7 15 18 12 1 3 3 5 3 0 0 5 6 7 9 4 3 4 5 5 2 0 5 5 9 16 9 3 0 0 2 7 5 0 2 13 11 7 8 4 3 6 7 4 5 5 0 0 1 0 6 6 4 5 11 14 8 1 0 7 10 5 8 2 0 1 1 0 7 14 3 0 5 8 13 20 0 
0 0 0 6 17 14 0 8 8 6 3 0 9 12 0 3 3 5 9 10 11 10 8 7 12 19 13 5 2 0 7 9 5 8 2 0 0 8 10 9 6 0 14 22 9 10 12 6 2 2 5 2 0 6 6 0 0 4 1 0 2 2 4 4 3 0 0 0 3 6 0 0 1 5 9 7 7 8 8 -1 
0 0 0 4 9 6 0 13 25 5 1 4 10 6 0 3 3 5 5 6 7 6 4 3 10 16 11 3 1 0 9 14 9 8 0 0 1 4 6 5 2 0 7 15 2 3 5 0 0 0 5 2 0 6 6 0 0 4 1 1 4 5 5 3 2 0 0 0 0 0 0 0 1 2 6 4 3 5 5 -1 
0 0 0 0 2 2 0 5 9 6 3 2 13 0 0 6 11 3 0 6 9 5 8 15 7 2 5 5 5 0 1 11 15 9 8 11 7 0 0 2 5 5 6 0 4 9 10 12 5 0 6 8 6 10 8 10 11 10 22 19 6 18 27 14 2 3 5 2 0 0 2 3 3 1 0 3 8 11 15 -2 
0 0 0 0 0 1 1 4 0 2 7 0 0 4 0 6 13 5 0 6 9 5 8 15 7 2 5 5 5 2 3 13 17 13 12 13 8 1 0 2 5 12 8 0 4 9 10 10 6 0 6 8 7 11 9 12 14 13 25 22 9 21 28 13 3 4 5 1 0 0 2 0 1 5 0 3 8 11 15 -2 
0 0 0 0 0 2 3 10 3 3 11 19 4 0 4 18 13 2 4 8 11 6 4 1 0 6 2 0 2 0 4 5 7 9 2 0 0 0 0 1 4 6 16 12 2 6 3 0 0 0 4 9 14 23 30 22 18 18 11 6 6 11 25 22 8 5 0 1 4 1 0 4 10 5 0 6 6 3 3 -2 
0 0 0 0 0 2 4 1 2 7 28 30 7 0 8 22 16 5 9 13 16 10 8 5 2 8 4 0 3 1 5 6 8 10 3 1 0 0 0 1 4 6 18 17 7 11 4 0 1 0 4 9 13 22 29 21 17 17 10 5 5 10 24 21 7 5 0 2 8 0 0 2 9 6 0 6 6 3 3 -2 
0 0 0 0 0 19 28 22 11 3 3 0 0 4 10 7 8 3 0 2 0 0 12 30 21 12 15 11 12 7 4 16 22 13 8 12 4 0 0 4 10 14 14 11 12 17 19 20 10 0 0 2 6 1 0 6 13 10 6 4 5 10 12 9 1 0 0 0 2 6 11 17 6 0 5 8 7 9 10 0 
0 0 0 0 0 9 15 17 5 4 2 0 0 4 9 6 4 1 0 2 0 0 12 30 21 12 15 7 9 4 1 13 18 9 4 8 3 0 0 0 4 8 8 5 6 11 13 16 6 0 0 2 6 2 2 8 15 11 7 5 6 11 13 10 2 1 0 0 1 10 19 16 7 0 5 8 7 9 10 0 
0 0 2 0 0 14 25 18 9 5 5 8 7 0 5 22 17 0 4 10 3 1 3 8 16 12 3 0 6 8 3 10 19 14 9 14 22 16 3 0 0 9 31 31 9 9 18 16 9 0 0 1 2 4 2 5 14 13 6 6 11 14 18 9 4 7 2 0 0 6 7 2 0 4 6 0 7 8 3 0 
0 0 2 0 0 8 13 10 6 4 0 3 4 0 5 22 17 2 8 14 7 6 8 13 21 15 1 0 5 7 1 8 17 12 7 12 19 19 8 0 0 9 31 31 9 9 18 16 8 2 0 1 1 1 0 2 12 11 4 4 9 13 17 8 3 6 3 0 0 7 8 3 0 5 6 0 7 8 3 0 
0 0 0 0 0 7 13 11 18 0 1 6 0 3 9 9 16 19 9 9 8 7 8 5 7 6 8 0 0 1 0 11 19 11 5 1 0 0 8 21 19 8 3 1 0 0 2 1 2 13 10 4 2 0 0 0 5 8 9 12 5 7 17 13 10 8 2 4 4 0 3 2 0 0 0 2 6 6 3 0 
0 0 0 2 0 5 16 22 6 8 4 0 0 6 11 11 19 22 11 10 6 3 4 2 5 5 9 7 2 4 0 9 18 10 4 0 0 0 8 24 23 12 7 5 0 0 2 1 1 10 9 4 3 0 1 0 5 8 9 12 5 7 17 13 9 7 2 7 8 4 5 4 1 0 0 2 6 6 3 0 
0 0 0 3 0 0 2 11 7 0 0 2 7 4 1 6 6 2 3 2 0 0 4 8 10 11 11 1 0 5 4 0 0 0 2 10 15 8 0 0 0 9 31 36 24 16 11 8 5 0 0 0 0 7 10 8 12 11 12 14 12 7 6 3 0 8 11 3 0 6 7 2 0 0 6 19 17 6 12 -4 
0 0 0 0 3 3 13 13 6 3 0 0 1 0 0 4 0 0 0 1 0 0 4 8 4 0 3 0 0 8 7 0 0 0 0 7 14 8 0 0 0 9 31 35 18 10 5 2 0 0 0 1 0 7 10 9 13 12 13 15 13 8 7 5 0 8 12 4 0 3 4 0 0 1 7 20 16 6 12 -5 
0 0 0 0 6 6 2 12 8 1 1 0 0 0 5 3 0 0 0 6 6 0 1 16 12 0 1 0 0 4 8 12 12 12 6 3 2 0 0 1 0 0 6 5 1 0 3 7 4 0 7 13 2 0 5 15 23 15 8 6 6 5 0 2 12 20 23 19 0 0 7 4 1 2 7 8 0 2 9 -4 
0 0 0 0 3 2 0 13 10 0 2 4 0 1 6 4 0 0 0 9 13 1 2 19 13 0 0 2 6 10 14 14 14 14 7 0 0 0 0 2 0 2 9 8 2 0 3 7 5 0 8 14 4 0 2 12 20 11 4 2 2 4 0 3 14 21 23 18 3 0 7 5 4 5 10 11 0 2 9 -3 
0 0 0 0 0 0 0 13 20 15 24 14 0 0 0 2 0 3 8 4 2 2 5 10 7 0 3 2 1 3 3 0 0 2 6 6 3 2 0 0 10 9 7 17 8 0 5 11 10 0 0 10 17 9 0 6 4 0 3 7 3 0 0 0 1 3 3 2 0 4 13 8 0 1 2 1 0 7 19 -1 
0 0 0 0 0 0 0 3 9 5 6 7 0 2 1 0 0 5 10 5 1 0 1 9 1 0 6 5 3 5 5 3 0 3 8 13 12 10 1 0 12 8 2 13 6 0 5 12 10 0 1 10 17 6 0 6 6 0 3 7 3 1 2 0 0 3 4 3 0 4 13 8 0 1 2 0 0 6 17 -1 
0 0 0 1 0 0 3 1 2 2 5 1 0 5 4 0 0 1 0 0 7 6 0 2 0 2 3 5 6 5 4 0 10 22 19 9 4 14 18 9 10 15 18 17 16 14 5 0 0 0 11 14 6 0 0 1 9 15 15 10 0 3 18 20 1 0 0 0 1 8 17 11 0 1 7 3 6 8 0 -3 
0 0 0 4 0 8 5 5 1 2 3 2 0 2 7 3 0 0 0 0 7 6 0 4 6 6 9 10 10 8 4 0 10 22 19 9 4 14 18 9 10 15 19 19 21 24 15 7 1 0 11 13 5 3 0 2 12 20 20 14 4 6 23 27 10 0 0 0 2 9 18 12 0 1 7 4 6 7 0 -3 
0 0 0 1 0 8 14 9 5 4 10 0 4 16 24 16 6 0 0 1 10 10 0 9 14 5 0 3 4 4 4 0 2 10 11 16 23 14 2 0 4 10 7 8 5 6 5 6 2 0 5 5 4 2 0 0 2 5 9 7 1 0 7 12 8 0 0 0 0 5 8 6 2 0 3 2 0 0 0 -3 
0 0 0 0 0 9 17 27 24 16 0 0 1 6 15 14 6 0 1 2 11 6 0 9 10 0 0 4 2 1 2 0 2 10 12 18 25 16 5 0 4 9 6 7 4 5 4 6 4 0 4 3 2 1 0 0 2 5 9 7 1 0 7 12 5 0 0 0 0 5 8 6 4 2 2 3 0 2 6 -3 
0 0 0 5 6 16 16 2 7 5 3 0 0 0 9 17 10 0 0 0 2 4 2 3 1 0 0 0 5 6 1 0 0 0 7 5 3 7 11 14 14 20 19 14 20 20 7 0 1 0 0 0 1 0 0 5 16 21 14 6 2 7 21 15 0 0 1 0 0 5 7 6 6 0 0 1 0 1 6 -4 
0 0 0 3 6 15 14 14 12 0 0 0 0 0 0 3 2 0 0 0 2 6 6 5 2 1 0 0 5 6 1 0 0 0 7 5 3 7 11 15 15 22 21 16 22 22 3 0 0 0 0 0 0 0 0 3 14 19 12 4 0 6 20 14 0 0 3 0 0 2 3 2 5 1 0 3 0 0 5 -2 
0 33 0 0 2 8 13 5 9 3 0 0 2 0 0 3 0 0 0 4 7 2 0 0 1 0 0 2 3 8 12 5 0 6 5 8 10 2 0 2 9 17 14 8 9 8 9 10 6 0 10 13 2 7 3 2 4 0 0 3 2 3 14 17 4 0 5 1 0 8 4 0 0 2 4 12 5 0 3 0 
0 0 0 0 2 12 21 18 4 0 0 0 2 0 0 0 0 0 0 0 3 0 0 0 1 0 0 2 3 8 12 5 2 8 7 8 9 0 0 2 6 14 11 6 7 6 6 13 8 0 11 15 5 10 9 5 6 0 0 3 2 3 14 16 5 0 4 2 0 8 4 0 0 3 7 15 13 0 3 0 
0 4 0 1 12 23 11 0 0 0 0 4 3 0 1 13 0 0 0 0 2 0 0 0 1 2 0 0 7 4 5 15 9 3 2 1 0 0 1 1 0 6 3 4 17 14 3 7 7 0 3 4 0 1 0 0 0 0 2 1 1 0 1 5 2 0 0 0 4 8 7 0 0 5 3 1 4 7 8 -2 
0 14 0 6 15 24 19 25 18 7 0 0 0 0 5 10 0 0 0 0 2 0 0 2 3 4 0 0 6 2 3 13 9 3 4 1 1 0 4 2 0 6 3 4 17 14 3 9 8 0 3 4 0 0 0 0 0 0 2 1 1 0 1 5 2 0 0 0 5 9 6 1 0 5 3 1 4 8 9 -2 
40 5 0 7 9 18 23 8 2 1 0 4 10 0 0 0 2 0 4 0 0 3 3 0 1 11 8 4 5 2 0 4 12 8 0 0 4 4 0 3 12 13 6 4 6 4 4 14 8 0 0 0 0 0 5 5 1 0 0 1 5 1 0 10 17 14 8 0 4 8 2 2 2 2 1 3 2 0 6 -2 
3 12 0 2 1 8 14 5 0 0 0 1 6 3 0 4 0 0 2 1 0 5 9 2 3 13 10 7 8 5 0 4 13 9 0 0 5 7 0 3 13 14 7 4 6 4 4 13 9 0 2 0 0 0 5 6 3 4 4 5 9 5 1 13 20 17 9 0 4 8 2 4 6 6 5 7 6 4 10 -3 
10 16 0 0 7 6 2 6 0 0 0 0 0 0 5 10 0 2 0 0 1 0 3 8 6 8 8 4 5 3 0 5 6 5 0 0 0 7 13 11 12 11 4 13 31 31 20 14 6 0 0 3 0 0 5 16 13 4 4 2 1 5 7 19 23 9 5 1 5 4 1 4 2 7 12 7 3 9 10 0 
38 16 1 0 7 14 14 0 0 0 0 0 3 0 8 4 0 3 1 0 4 1 3 8 6 9 9 6 5 2 0 7 8 8 4 1 0 7 14 12 13 12 5 14 32 32 21 14 6 0 0 2 2 0 3 14 11 2 2 0 0 4 5 17 21 7 4 2 6 6 3 6 4 9 14 9 5 11 12 0 
17 10 3 0 9 27 33 23 8 0 0 0 1 0 0 3 0 3 3 0 3 2 0 6 7 3 1 4 9 4 0 6 6 0 0 0 1 6 5 7 16 21 19 21 24 19 15 18 11 2 0 0 2 2 0 6 13 18 17 14 15 9 0 6 6 3 8 12 11 8 0 0 3 2 4 3 7 11 10 -9 
3 20 0 0 7 9 12 25 26 16 3 0 0 0 0 0 0 3 2 0 3 0 0 6 7 3 1 4 9 4 0 8 9 0 0 0 2 7 6 8 17 21 19 20 22 17 13 16 10 4 0 0 5 0 0 6 13 18 18 13 15 9 0 6 5 0 5 9 8 6 0 0 1 0 2 1 5 9 8 -9 
11 21 5 0 4 8 9 7 1 10 1 0 0 0 5 0 0 0 0 0 6 12 5 2 3 1 0 3 3 0 3 4 2 0 1 0 0 10 21 20 17 16 18 26 28 22 19 14 9 3 0 0 2 2 0 7 15 8 0 0 3 6 6 8 4 0 4 8 6 2 4 3 0 6 5 9 11 6 10 -1 
0 1 0 0 5 25 23 10 5 0 2 1 0 0 5 7 0 0 0 0 6 12 8 5 6 4 1 4 4 1 4 7 1 0 3 0 0 10 20 19 16 15 17 25 27 21 18 13 8 2 0 7 13 5 0 7 15 8 1 0 3 6 7 9 5 0 4 8 4 0 5 5 0 6 5 9 11 6 10 -1 
47 29 0 0 1 0 10 8 12 3 0 0 0 2 10 8 0 4 1 0 2 0 0 0 0 6 7 2 0 4 5 7 4 0 1 8 10 5 0 3 13 21 18 12 9 10 19 22 8 1 0 1 9 11 0 3 7 6 0 0 2 4 6 8 4 9 12 2 0 0 5 5 0 4 11 6 3 14 20 -2 
2 2 0 0 0 0 2 6 2 0 1 0 0 0 6 2 0 8 5 0 2 0 0 0 0 6 6 1 0 4 5 9 6 0 1 9 16 3 0 3 12 20 16 10 7 8 17 20 7 0 0 0 3 4 0 3 7 8 2 0 2 4 6 8 5 11 13 1 0 0 6 5 0 2 9 4 1 12 18 -2 
18 9 0 0 9 11 7 0 0 0 1 0 0 0 2 0 2 4 4 6 5 3 1 0 0 0 0 3 6 4 7 13 2 0 16 9 0 5 6 6 0 0 0 9 7 1 5 6 9 4 0 0 4 6 0 5 13 10 0 1 9 9 11 14 11 4 0 0 0 1 8 17 5 0 1 5 9 6 3 -1 
14 18 0 0 8 22 4 5 5 4 1 0 0 0 0 0 3 5 6 10 8 7 4 2 0 0 0 4 8 6 9 15 2 0 16 10 0 5 11 11 5 0 0 9 7 1 5 6 10 5 0 1 4 8 0 5 13 11 0 0 8 8 11 14 12 5 0 0 0 1 6 16 9 0 0 1 5 2 0 -1 
46 26 4 0 7 2 13 22 9 3 1 1 0 0 0 2 0 1 2 6 15 6 0 4 6 0 0 0 9 23 21 4 0 2 11 16 10 5 2 2 3 0 0 0 3 12 22 17 17 23 10 2 14 12 0 18 33 18 0 0 0 0 8 18 8 8 17 8 2 2 0 0 7 8 2 0 0 3 10 -5 
31 28 2 0 0 0 7 21 20 1 0 0 0 0 0 4 2 3 4 8 17 6 0 3 1 0 0 0 7 21 17 3 0 4 12 18 13 8 5 5 5 1 0 0 3 12 22 17 14 21 9 0 11 8 0 16 31 16 0 0 0 0 8 18 7 5 17 11 3 4 0 0 8 10 0 0 0 3 11 -5 
54 3 7 0 1 3 6 8 2 0 0 4 6 0 4 14 9 6 15 17 10 13 7 0 0 2 2 2 2 0 0 0 0 7 6 1 0 15 28 22 17 2 0 8 9 14 14 3 0 0 0 2 0 1 0 3 8 2 0 1 0 0 5 8 0 5 10 6 10 10 5 8 6 0 0 0 3 5 1 -3 
5 4 7 0 2 7 11 11 4 0 3 0 0 0 4 14 9 6 15 17 10 13 10 0 0 4 8 5 1 0 0 0 0 5 4 0 0 15 27 21 16 5 3 12 8 13 13 2 0 0 0 2 0 2 2 3 7 4 0 1 0 0 5 8 1 6 11 8 13 15 12 15 11 1 0 0 3 5 0 -3 
0 0 1 0 3 3 7 3 0 0 0 1 1 0 7 11 10 5 0 0 2 0 0 2 0 4 14 4 0 6 6 0 0 0 3 12 13 11 5 2 2 2 12 6 0 9 24 21 9 3 0 0 0 3 8 9 8 7 2 0 4 4 10 16 10 6 12 16 10 4 3 1 0 6 6 0 3 0 0 0 
0 0 0 0 2 0 3 0 3 0 0 0 0 0 7 11 9 4 0 0 2 0 0 6 0 4 14 5 0 9 11 5 0 0 4 14 17 15 9 6 6 6 16 10 0 9 24 20 10 5 0 0 0 4 12 6 0 2 0 0 2 3 10 16 10 6 12 15 9 4 3 1 0 8 8 0 4 2 0 0 
0 0 0 0 1 0 0 1 5 1 0 4 0 0 5 6 0 3 10 16 15 5 1 0 0 0 3 11 13 13 8 8 3 0 1 2 1 4 7 13 19 11 4 1 0 3 2 0 1 4 6 0 0 5 1 0 4 2 0 0 0 0 5 10 3 0 1 0 1 3 3 4 3 3 6 8 9 4 0 -2 
0 0 0 0 2 0 0 7 3 0 0 10 10 0 5 6 0 3 9 16 15 4 0 0 0 0 3 11 17 15 6 3 1 0 0 1 0 3 6 12 18 7 1 2 0 1 1 0 1 4 7 2 1 4 3 0 6 2 0 0 0 0 5 10 3 2 2 0 0 1 1 2 1 2 5 7 8 4 0 -2 
0 0 0 0 2 4 4 7 5 0 0 0 0 0 0 1 3 0 0 0 0 2 0 0 2 4 5 0 0 7 6 3 4 0 0 0 3 11 11 7 7 0 3 7 1 0 6 7 7 3 0 5 0 0 0 12 28 22 11 3 0 0 4 0 0 10 12 0 0 0 6 10 2 4 3 0 4 8 10 -3 
0 0 0 0 1 10 15 8 6 5 9 3 2 0 0 1 5 2 0 0 0 1 0 0 5 6 7 2 2 9 8 5 6 4 0 0 3 11 11 7 7 0 4 8 2 0 4 7 8 4 1 6 0 0 0 13 29 23 11 6 0 0 4 0 0 10 11 3 0 0 6 9 1 3 3 0 4 8 11 -3 
0 0 0 0 3 1 0 7 1 2 0 6 6 0 0 4 7 1 0 10 17 9 1 3 0 0 9 11 11 12 17 16 18 21 3 4 7 0 0 4 0 0 1 4 7 0 0 1 0 5 8 2 2 0 1 1 0 6 10 8 0 0 2 2 0 2 1 1 0 0 3 6 6 3 0 2 4 3 9 -4 
0 0 0 0 0 0 1 0 2 0 0 15 9 0 0 4 8 2 0 11 18 10 5 7 1 0 8 9 8 9 14 13 16 19 8 9 10 2 0 4 0 0 1 4 8 4 0 0 0 3 5 0 1 0 2 2 0 6 11 9 0 0 1 3 3 3 4 3 0 0 4 5 2 2 0 3 5 4 10 -4 
0 8 0 0 0 0 0 0 0 3 3 3 0 4 5 0 1 7 5 7 11 7 8 3 0 3 3 0 1 7 9 7 14 29 21 7 2 4 5 0 0 1 4 8 5 8 5 3 3 0 0 5 6 0 4 10 14 10 5 2 2 2 0 2 5 4 1 1 3 0 0 0 0 0 0 0 9 7 0 -2 
16 22 0 0 0 3 4 8 6 5 5 0 0 1 0 0 0 4 3 5 8 3 5 1 0 5 6 0 1 7 9 7 15 30 22 6 1 4 6 0 0 5 7 11 8 10 7 5 4 0 0 5 2 0 4 8 12 7 2 0 0 4 0 2 4 3 0 0 0 0 0 0 0 2 1 0 9 7 1 -2 
58 16 0 2 0 3 8 4 4 0 0 1 0 0 10 3 0 0 0 2 0 0 0 2 8 7 0 0 0 4 4 5 19 20 4 0 5 7 11 7 2 0 0 8 8 5 7 8 6 3 7 5 0 0 1 0 2 4 3 1 1 4 2 4 8 5 4 6 6 0 0 0 0 0 0 0 3 9 14 -1 
27 1 0 0 0 1 3 0 4 5 5 1 0 0 10 5 0 0 0 1 2 0 1 4 13 12 5 0 0 4 4 5 19 20 4 0 4 1 5 5 0 0 0 8 8 3 5 5 4 1 3 1 0 1 2 0 2 4 3 2 2 5 4 6 7 4 0 3 3 0 0 0 0 0 0 0 1 7 12 -1 
5 5 0 4 0 0 0 3 0 6 5 2 0 0 4 8 0 0 5 8 2 0 3 1 3 8 2 0 1 3 5 0 2 11 11 9 8 0 4 9 5 2 2 1 0 0 3 10 7 0 1 6 3 0 2 16 35 28 22 16 3 0 3 0 0 3 0 0 6 11 2 0 3 0 6 5 0 12 15 -2 
35 23 0 6 0 3 4 2 5 0 0 1 0 0 4 9 6 6 9 9 2 0 3 1 3 8 2 0 3 5 7 2 2 11 9 8 1 0 4 9 5 4 5 6 3 0 3 10 7 0 2 6 0 0 2 18 37 30 24 18 5 2 5 2 0 0 0 0 6 11 7 1 4 0 7 6 0 12 15 -2 
0 0 0 0 4 2 12 8 0 2 2 0 0 0 7 12 10 8 8 9 1 0 7 9 5 12 20 17 17 18 9 5 3 1 4 7 4 0 12 17 5 3 4 2 4 0 6 11 2 2 5 2 0 3 0 0 5 7 4 0 3 5 1 1 0 0 0 2 5 4 3 4 0 8 21 17 4 5 6 0 
0 41 6 0 0 0 9 0 1 5 1 0 0 0 7 10 5 5 6 3 0 0 4 6 2 7 15 12 11 12 3 0 4 3 7 13 2 0 7 11 0 0 1 0 2 1 7 12 5 6 9 5 6 12 7 5 11 13 8 0 2 4 0 3 6 7 1 3 6 5 2 0 0 6 19 15 5 6 7 0 
54 18 0 9 12 19 8 2 5 4 0 0 0 0 4 6 0 1 0 0 1 0 0 0 1 2 0 0 5 8 11 10 6 4 3 0 4 0 0 0 0 2 3 0 2 9 23 30 12 0 0 1 5 2 0 9 18 13 5 1 0 3 0 1 9 3 0 6 6 0 1 0 0 0 1 3 3 3 2 -4 
7 23 0 6 28 18 12 5 0 1 0 0 0 0 1 2 0 0 0 0 6 7 5 0 1 2 0 0 2 1 4 4 1 0 0 0 5 7 1 0 0 4 5 2 4 11 25 32 14 0 0 1 5 3 1 11 19 12 5 2 0 3 0 2 7 0 0 6 6 0 1 3 1 0 1 3 3 3 2 -4 
0 13 0 6 6 5 4 1 0 4 1 1 0 0 0 2 4 0 0 2 4 0 0 6 12 17 16 10 1 0 0 6 13 11 9 11 5 1 0 0 0 0 4 2 0 7 18 23 13 0 0 1 0 2 14 15 4 1 0 0 0 3 3 10 19 9 0 4 9 6 3 1 0 0 4 5 3 5 8 -1 
0 5 0 4 3 15 6 1 0 2 0 0 1 1 0 1 5 2 0 1 3 0 1 10 16 20 20 13 3 0 0 6 15 13 15 16 8 4 1 0 0 0 4 2 0 7 18 23 9 0 0 1 0 2 14 15 4 2 0 0 0 3 1 10 19 13 0 4 9 6 3 0 0 3 7 8 7 9 11 -1 
0 5 0 6 15 6 1 0 0 0 2 0 3 0 0 0 0 0 0 9 6 0 4 6 4 11 24 20 4 0 0 1 2 0 0 3 7 5 10 9 0 1 4 3 4 5 10 8 0 3 13 12 0 1 6 8 7 4 8 7 9 7 0 8 13 7 0 5 10 5 2 4 2 0 4 8 14 10 1 -1 
0 5 0 9 13 5 0 0 0 3 11 5 0 0 0 4 0 2 5 11 7 0 4 6 4 12 24 19 2 0 0 1 3 0 0 3 7 7 9 11 0 1 4 3 4 5 9 7 0 4 16 12 0 0 3 4 0 0 6 6 7 4 0 8 13 6 0 5 10 5 2 4 3 1 5 9 15 11 2 -1 
0 9 0 1 2 0 0 0 2 6 8 5 2 0 4 4 0 0 0 8 11 2 0 0 4 11 10 1 0 0 0 4 9 7 0 0 1 8 6 0 4 4 3 4 5 5 0 0 0 0 0 6 4 3 8 3 0 2 9 15 13 7 0 2 5 1 0 4 6 7 3 0 0 2 1 1 7 8 6 -2 
0 13 0 1 8 2 0 3 7 10 0 0 0 0 1 1 0 0 1 11 14 8 2 2 6 14 14 3 0 0 0 5 11 8 0 0 1 7 4 0 6 6 5 6 7 7 0 0 3 0 0 7 8 6 9 4 0 5 12 15 14 8 2 1 0 0 0 4 6 7 3 0 0 1 0 0 6 7 5 -4 
0 19 0 9 16 15 21 20 10 1 9 0 0 2 0 0 0 1 5 11 11 3 0 0 2 0 1 7 5 0 0 5 10 5 0 2 3 0 1 0 0 0 0 1 4 8 13 11 1 0 0 4 13 12 8 13 12 4 5 5 5 3 0 3 4 0 0 0 4 3 0 1 8 12 5 2 5 11 13 0 
61 19 0 10 17 18 24 23 11 5 10 16 9 2 0 0 0 0 2 9 10 1 0 0 2 0 1 7 7 4 0 4 9 2 0 7 8 3 3 0 0 0 0 1 4 8 15 13 1 0 -1 2 11 10 6 12 13 4 4 4 6 5 0 4 1 0 0 1 8 7 0 1 4 7 0 0 3 9 11 0 
0 4 4 0 0 4 6 3 4 10 8 11 13 0 2 7 4 4 0 0 2 3 0 0 3 2 2 0 5 7 1 0 4 7 3 2 0 4 4 0 0 7 12 9 7 8 2 0 1 0 0 1 0 0 4 8 6 2 1 1 3 3 0 5 16 7 0 7 6 0 0 0 0 0 7 15 22 19 7 -2 
36 10 3 0 0 4 6 3 3 9 5 12 9 0 0 3 0 4 0 0 0 0 0 0 0 0 1 0 4 5 0 0 5 9 8 6 2 6 6 0 1 7 11 9 8 12 7 0 3 0 0 0 0 0 4 8 6 2 1 1 3 7 0 5 15 11 0 6 4 0 0 1 0 0 7 18 25 22 10 -2 
0 0 1 0 0 8 13 5 0 1 10 24 20 0 4 1 0 0 0 13 19 7 0 2 0 0 6 5 0 6 3 0 0 0 0 4 10 8 4 2 4 3 0 2 0 0 14 28 12 0 1 0 0 4 2 26 50 22 2 0 0 0 0 4 6 2 2 7 8 0 1 2 0 1 8 6 5 11 5 -1 
9 12 4 0 0 8 13 1 0 0 9 23 16 0 2 0 0 1 5 17 24 10 0 5 2 0 6 6 0 5 4 0 0 0 0 4 8 6 2 1 4 1 0 3 0 0 15 26 11 0 0 0 0 2 0 24 50 22 2 0 0 0 0 4 6 0 0 4 8 6 6 2 0 2 9 7 6 12 6 -1 
2 21 1 1 0 9 19 20 8 0 5 17 9 0 4 8 0 3 12 11 8 1 5 7 0 0 0 7 5 4 9 0 0 8 11 3 0 9 13 6 3 0 0 3 8 5 0 0 0 1 2 0 0 0 6 16 8 1 5 10 11 6 1 0 0 2 0 4 11 8 8 2 0 0 3 8 15 13 3 0 
32 21 0 0 0 8 18 19 13 1 6 17 9 0 0 3 0 3 12 13 7 0 5 2 1 0 0 7 7 6 10 2 0 9 8 0 0 7 12 4 1 0 0 3 9 7 0 0 0 2 2 1 4 0 6 16 9 3 9 15 15 10 7 3 3 4 0 3 8 9 5 4 2 0 3 8 15 13 3 0 
0 0 0 0 0 0 4 12 6 0 2 18 17 0 0 3 0 1 6 8 4 0 1 8 9 0 4 16 15 4 0 1 1 0 0 0 1 10 10 2 1 0 2 10 7 2 0 0 0 0 7 7 4 2 5 20 21 10 3 3 1 2 8 6 0 0 0 0 0 0 8 9 2 0 5 6 9 10 4 -2 
22 20 8 0 0 0 4 12 6 0 0 13 14 1 0 3 0 1 6 9 5 0 0 3 1 0 5 17 16 5 1 3 4 1 0 0 8 17 15 6 2 0 3 11 8 3 0 0 0 0 7 7 4 4 7 21 21 10 4 2 1 2 9 0 0 0 0 0 0 0 7 11 3 0 5 6 9 10 4 -2 
26 24 8 0 0 0 7 8 2 0 0 0 0 0 0 5 5 0 7 15 12 8 9 4 0 0 0 2 1 3 12 8 9 18 6 0 0 1 0 1 0 0 1 6 6 3 3 13 19 8 4 7 1 2 9 11 9 2 0 4 6 5 1 0 0 6 1 3 3 0 7 7 0 2 8 2 4 8 10 -3 
49 46 3 0 0 0 5 3 0 2 0 0 8 5 0 1 0 0 7 15 12 10 10 0 0 0 0 2 0 2 11 7 6 13 8 0 0 1 1 0 0 0 1 6 6 1 1 11 18 9 5 7 2 3 9 11 9 2 0 4 9 1 0 0 0 6 3 4 2 0 7 5 0 5 11 5 7 11 13 -2 
2 2 2 11 0 0 0 0 0 3 0 0 4 0 0 0 0 1 0 0 3 4 10 17 12 2 3 12 8 0 6 8 0 0 0 0 0 7 15 7 0 0 2 5 0 0 6 6 2 4 7 4 4 8 15 13 4 7 3 2 3 0 1 2 0 0 1 6 5 0 0 5 5 1 0 0 0 4 2 0 
36 25 0 0 6 0 0 0 0 3 0 0 2 1 1 1 0 4 2 0 3 4 10 17 14 7 9 18 13 2 8 6 0 0 0 0 1 8 18 12 1 0 2 6 3 0 4 4 0 2 5 0 0 4 11 9 0 3 3 0 1 0 0 2 0 0 0 6 5 0 0 6 10 6 1 0 0 4 3 0 
6 6 6 11 9 0 3 4 2 0 0 1 6 0 1 3 0 0 0 1 1 4 13 16 17 16 6 3 0 1 0 0 7 14 5 0 4 5 4 4 4 0 6 13 2 0 0 2 4 4 1 0 0 4 10 7 5 12 14 7 0 0 4 0 4 3 0 5 1 0 2 3 0 5 4 3 6 8 8 -1 
21 21 4 0 0 0 2 6 5 2 0 0 1 0 3 3 0 0 0 1 1 4 13 16 17 13 3 1 1 0 0 0 12 18 8 0 4 5 4 5 7 1 10 15 2 0 0 2 5 5 2 0 0 2 8 5 4 11 15 8 0 0 0 0 3 1 0 0 3 0 3 4 1 6 5 5 7 9 9 -2 
2 10 2 29 31 7 0 4 0 0 6 2 0 4 3 0 0 3 0 2 7 7 8 8 2 0 0 0 0 0 4 5 0 0 2 0 1 3 2 6 6 3 6 10 12 0 0 10 13 7 2 0 0 0 4 7 3 1 3 3 3 0 0 5 2 1 1 0 0 0 4 10 5 9 21 13 5 6 4 -1 
37 18 5 40 35 10 0 1 0 0 8 2 0 6 9 0 1 4 2 4 8 8 9 3 1 0 0 3 0 0 9 8 0 1 0 0 1 3 2 6 6 3 9 13 16 8 0 10 12 6 3 2 0 0 4 6 2 1 2 1 0 0 1 11 5 3 6 3 0 0 4 10 5 9 21 13 5 6 4 -1 
32 1 0 2 0 0 0 0 2 0 2 6 4 3 1 0 2 0 0 7 5 3 0 0 7 4 0 2 4 9 4 5 11 5 0 7 15 17 13 13 10 1 8 19 12 11 17 16 0 0 3 0 0 0 0 5 15 19 11 1 0 0 3 10 4 0 0 0 6 11 10 9 11 10 9 20 24 19 20 0 
28 11 0 0 0 0 1 7 0 0 0 5 3 2 0 0 0 0 0 7 4 2 1 0 7 3 0 2 5 11 6 7 14 6 0 7 15 16 12 12 11 2 7 16 10 9 17 14 2 0 3 1 0 0 0 5 15 18 10 0 0 0 3 10 14 1 0 0 6 12 11 10 12 11 10 20 24 19 20 0 
0 14 0 0 0 0 0 3 6 0 0 0 0 0 0 0 2 0 5 4 0 4 2 0 0 7 13 14 19 21 16 10 1 0 0 4 8 9 6 15 19 4 0 2 0 6 7 8 13 4 0 0 0 0 0 6 7 7 6 3 1 0 0 5 10 18 18 10 0 3 7 5 9 11 6 5 12 13 4 0 
37 21 0 0 0 0 3 16 9 0 0 0 0 0 2 2 0 0 6 7 0 4 3 0 0 7 16 17 22 24 19 13 4 0 1 5 9 10 7 15 20 3 0 2 0 6 7 8 13 4 0 0 3 3 0 6 7 7 6 3 0 0 0 5 10 20 23 9 0 3 7 5 9 11 6 5 12 13 4 0 
0 0 0 8 0 0 3 0 8 0 0 0 1 2 4 0 1 10 6 0 4 1 0 0 6 12 6 2 4 5 3 12 22 13 9 14 12 3 0 3 0 0 0 6 7 7 13 15 12 8 3 0 2 3 0 7 10 4 0 2 15 9 0 8 12 6 3 0 0 4 3 1 7 10 7 1 7 11 11 -1 
56 14 8 6 0 7 5 2 11 0 0 0 2 7 5 0 6 18 12 5 10 6 0 0 6 12 6 0 1 2 0 9 19 11 7 12 10 0 0 2 0 0 1 7 8 8 14 16 14 4 0 0 2 4 1 7 10 4 0 4 16 12 0 9 12 4 0 0 0 4 3 1 7 9 6 0 6 10 10 -2 
18 12 6 0 0 0 7 27 11 8 0 0 1 1 12 6 0 3 8 15 9 2 0 2 3 2 2 0 0 0 0 4 4 3 2 3 0 3 6 5 0 2 9 11 7 5 4 4 1 0 3 0 3 5 3 15 14 5 8 14 8 1 0 5 4 5 10 4 0 0 8 12 5 7 6 0 14 14 0 -2 
0 0 0 0 5 13 3 7 13 10 0 0 1 1 12 8 0 3 8 15 12 1 0 6 5 3 2 0 0 0 0 4 6 3 1 1 0 2 7 0 0 4 11 11 7 5 4 4 1 0 4 5 8 10 8 19 18 7 11 17 11 2 0 5 4 6 13 8 0 0 7 11 6 9 6 0 14 14 0 -2 
0 9 0 0 0 0 7 0 8 2 0 0 1 3 2 4 8 16 14 4 3 1 0 3 3 2 5 4 8 10 3 7 16 13 6 0 0 0 1 2 4 4 0 2 0 4 8 9 6 0 3 11 20 16 8 5 6 5 5 9 13 11 2 0 0 4 4 0 0 3 5 19 21 16 11 0 9 10 0 -4 
0 0 0 0 2 10 10 5 7 0 2 0 1 3 2 4 9 14 10 1 0 0 0 1 0 0 4 3 8 10 2 7 18 12 3 0 0 0 4 9 16 10 2 7 6 9 10 11 6 0 3 11 20 16 8 5 6 4 2 6 10 8 1 0 1 4 4 0 1 5 6 17 19 15 10 0 9 10 0 -4 
0 3 0 0 0 9 11 1 0 0 0 0 5 6 6 7 2 0 0 3 0 0 0 3 0 0 1 5 5 1 5 7 7 7 0 0 1 7 8 1 0 0 3 0 1 8 14 15 6 0 4 9 11 13 8 2 4 1 0 3 8 10 8 5 1 9 17 8 5 7 10 8 3 7 4 0 17 19 1 -4 
0 0 0 0 6 12 9 12 0 1 6 0 1 3 4 7 2 0 0 0 0 3 5 5 0 0 0 4 4 0 4 4 5 7 4 0 5 13 12 3 0 0 3 3 1 7 9 7 6 0 4 7 9 11 5 0 3 0 0 3 8 10 8 7 2 10 19 10 6 8 7 6 2 4 2 0 17 19 3 -4 
0 0 0 9 11 12 1 7 7 0 0 1 0 1 5 2 0 0 2 3 1 6 8 1 1 0 0 0 0 7 4 0 5 6 3 0 1 2 5 9 10 14 11 2 2 4 0 0 0 0 1 0 7 17 6 0 1 8 5 3 4 2 0 0 6 8 14 19 12 4 0 1 1 2 4 0 6 10 1 0 
0 0 0 0 0 14 8 0 0 0 2 2 0 1 5 4 0 0 3 7 6 11 13 5 3 0 0 0 0 6 2 0 6 7 4 0 1 2 5 9 11 15 12 3 5 4 0 0 2 2 2 0 7 16 6 0 2 10 11 9 10 6 3 0 6 8 14 19 13 4 0 2 1 0 1 0 6 10 1 0 
0 0 0 0 18 12 10 9 12 0 0 3 0 0 5 7 0 0 0 0 1 6 4 3 6 3 0 0 5 9 5 0 8 12 1 0 5 3 2 0 0 1 8 10 1 0 0 1 5 5 0 0 7 8 5 1 7 17 10 5 9 5 7 12 7 7 15 13 17 21 8 2 1 0 0 0 10 7 0 0 
0 12 0 8 19 15 9 0 0 0 0 4 0 0 5 7 3 1 1 0 1 5 3 5 9 3 0 0 5 12 4 0 9 12 0 0 5 4 4 1 0 1 8 10 3 0 1 4 10 9 0 3 8 7 5 2 5 15 10 1 5 1 3 9 6 7 15 13 17 21 10 3 0 0 0 3 13 10 0 0 
0 0 0 4 0 4 0 7 0 2 11 11 0 2 3 4 4 0 3 0 2 8 8 8 0 0 0 0 4 12 5 0 7 17 7 0 4 8 13 6 0 0 1 2 0 0 3 1 2 0 0 5 4 8 6 0 0 3 3 0 0 0 0 0 4 5 6 4 2 11 16 10 5 6 2 0 5 5 4 -1 
0 0 0 4 2 2 3 3 4 2 2 5 0 2 3 3 2 0 0 0 4 5 4 8 1 0 7 6 11 14 5 0 6 16 11 0 4 9 13 7 2 3 1 3 0 0 3 1 0 0 1 6 5 9 7 2 0 1 1 0 0 0 0 0 4 5 6 4 2 11 16 9 6 5 2 0 5 5 4 -1 
0 8 0 2 0 8 21 43 29 3 5 0 0 3 4 0 0 0 0 2 1 0 0 3 13 8 4 9 4 0 0 0 4 8 1 0 0 6 9 6 11 15 9 6 5 3 0 2 4 0 0 0 1 0 0 1 0 0 0 0 1 0 0 4 15 14 3 2 2 0 0 0 6 15 14 3 1 3 3 -2 
0 2 0 0 0 11 30 24 10 3 1 0 0 0 4 0 1 0 0 3 0 0 0 8 19 17 14 16 7 1 5 0 4 8 2 0 0 6 9 7 13 18 13 13 15 14 9 9 10 5 0 0 1 0 0 0 0 0 0 0 3 1 0 6 17 16 5 4 4 0 0 0 6 14 15 7 5 7 5 -2 
0 8 0 14 36 23 0 3 13 5 0 0 0 0 1 5 0 0 9 15 2 0 4 4 3 5 4 8 9 0 1 0 0 6 8 1 1 5 13 12 5 6 5 0 3 7 3 0 1 4 2 6 16 8 0 14 15 5 3 0 4 13 7 3 8 6 1 1 1 0 0 4 1 0 4 5 6 5 3 0 
0 10 0 4 3 4 2 0 6 6 4 0 0 0 2 5 2 0 10 16 4 0 3 3 2 2 2 4 5 2 0 0 0 6 8 4 3 7 15 14 4 4 4 0 3 7 3 0 2 7 6 9 16 9 0 15 17 6 0 0 5 15 14 10 15 11 6 6 6 2 3 10 4 0 2 1 2 1 0 0 
14 10 0 12 5 8 7 18 16 7 2 0 5 0 4 8 0 0 9 7 3 0 0 0 0 0 6 16 14 2 0 0 4 9 5 0 0 0 1 0 0 0 1 3 1 0 0 2 4 2 1 0 0 0 0 4 6 0 1 2 3 0 1 9 1 0 3 6 11 13 13 6 3 13 7 0 5 2 0 -4 
10 10 0 0 4 0 7 0 16 20 0 0 3 0 1 5 0 0 5 9 3 0 0 0 0 0 6 12 9 2 0 0 2 3 2 0 0 0 0 0 0 0 2 6 4 0 0 4 6 4 2 0 0 0 0 7 10 3 6 10 7 1 3 11 3 0 3 5 5 7 8 4 4 14 7 0 5 2 0 -5 
27 18 0 26 29 19 9 20 27 10 0 0 6 0 0 10 17 6 0 8 9 0 0 0 4 9 7 0 0 0 6 7 0 0 8 11 8 8 3 0 0 14 27 15 6 4 4 8 10 11 14 10 5 3 0 10 9 0 1 6 8 3 1 4 9 3 3 0 0 3 7 5 3 12 10 0 6 11 9 -1 
12 12 0 8 22 10 0 0 0 12 0 0 2 8 0 7 20 11 0 8 8 2 0 0 5 13 7 0 0 0 10 13 1 0 9 11 8 10 3 0 0 15 26 14 5 4 4 8 10 12 14 12 7 3 0 10 9 0 1 6 9 7 4 4 7 0 0 5 0 1 5 4 4 14 13 1 7 13 13 -1 
29 28 0 9 19 13 4 0 8 0 0 0 2 2 0 0 0 6 13 14 10 7 8 15 12 2 0 5 8 0 0 1 0 0 4 9 3 2 4 0 0 0 0 1 4 3 2 1 5 11 10 7 4 0 0 8 13 7 4 3 8 13 6 9 9 5 6 6 4 0 5 4 6 15 7 9 13 6 12 -3 
0 0 0 12 22 1 0 4 6 4 0 0 7 7 0 0 0 7 17 18 14 11 14 20 16 5 0 11 17 5 1 5 0 0 4 9 4 2 3 0 0 1 0 1 4 3 2 1 4 10 9 7 3 0 0 8 13 8 5 4 9 12 5 9 9 7 5 3 0 0 3 2 4 13 5 7 11 4 10 -3 
47 33 0 5 10 14 15 36 48 11 0 2 0 0 5 4 0 2 7 17 11 0 3 10 9 4 0 9 9 0 2 0 0 1 5 7 12 10 4 2 0 0 0 0 3 3 7 17 12 7 16 19 18 7 0 8 8 3 2 2 1 0 3 7 9 10 3 0 2 0 0 5 6 9 9 5 8 4 2 -1 
3 3 0 1 25 30 16 3 7 14 0 0 2 25 33 9 0 2 7 17 11 0 3 10 10 2 0 9 9 0 4 1 0 5 9 9 11 10 2 3 1 0 0 0 3 3 6 15 10 1 10 13 12 4 0 8 8 3 2 2 1 0 3 7 10 13 5 2 0 0 0 5 6 9 9 5 8 4 2 -1 
12 8 0 0 8 5 0 10 2 0 0 7 11 0 1 3 0 4 10 12 10 4 6 16 9 0 0 7 11 7 3 0 1 10 14 4 0 0 0 0 0 0 0 3 10 11 10 7 0 0 2 5 2 2 1 7 18 18 8 2 0 0 0 3 0 8 14 4 6 0 0 5 4 5 10 10 6 6 11 0 
0 7 0 0 3 11 19 13 5 0 0 3 1 0 0 0 0 0 5 7 5 0 2 11 6 0 0 6 10 6 2 0 2 11 14 5 0 1 1 1 0 0 3 5 13 15 16 13 3 0 1 4 1 0 3 10 21 19 9 3 1 3 3 6 5 13 17 5 6 0 0 5 2 2 7 7 3 3 8 0 
23 23 0 0 3 3 3 3 3 0 0 0 2 1 0 0 0 0 0 4 1 3 2 0 0 5 3 0 0 0 1 3 13 8 0 0 0 6 10 5 1 2 0 0 1 2 1 0 0 0 1 2 0 0 1 0 0 0 4 8 6 6 3 6 20 18 2 0 0 0 1 0 0 0 1 2 5 10 12 0 
50 30 0 0 3 16 10 13 6 0 0 0 4 3 0 0 2 0 0 4 1 3 0 0 1 8 5 0 1 0 1 4 15 9 0 0 0 6 10 5 1 2 2 0 2 3 2 0 0 3 3 4 0 0 2 0 0 0 4 8 6 6 3 6 22 21 3 0 1 4 7 4 0 0 1 0 3 8 10 0 
16 16 3 0 2 13 11 2 0 0 0 0 0 0 0 0 0 1 3 2 8 4 0 0 1 1 4 3 2 0 1 4 8 15 7 0 2 1 11 13 6 5 0 0 6 5 0 3 8 7 3 1 0 0 5 4 5 6 7 5 1 0 0 12 17 5 1 1 3 4 1 1 0 0 1 0 8 8 5 -2 
5 6 2 0 8 15 18 3 0 4 7 0 0 2 0 0 0 3 6 4 8 6 0 2 3 3 6 6 4 0 1 4 7 16 7 0 4 3 13 11 3 3 0 0 6 5 0 5 11 10 3 1 0 0 5 5 6 10 10 7 3 0 0 12 13 2 0 2 3 4 1 0 0 0 2 0 8 8 5 -2 
20 37 4 0 9 22 7 0 0 0 0 0 0 1 4 0 0 0 4 9 13 4 0 10 10 2 2 7 8 2 2 13 31 22 5 0 0 0 0 0 0 6 4 0 1 2 0 0 0 0 0 4 8 7 7 11 14 11 8 7 1 4 18 14 0 0 1 2 0 0 2 3 0 2 0 3 12 5 0 -2 
24 18 3 0 14 4 0 0 4 6 0 0 0 0 2 0 0 0 0 4 4 1 0 6 5 0 0 5 4 0 0 11 26 19 1 0 0 0 0 0 1 5 7 0 1 3 2 2 2 1 0 3 5 2 1 5 8 4 3 3 0 5 19 14 0 0 3 2 0 0 3 3 0 2 4 10 19 12 4 -2 
50 50 0 0 0 7 5 12 11 3 0 0 1 4 3 0 0 2 5 0 0 1 0 0 0 2 8 3 0 3 2 3 7 10 7 0 0 2 1 1 6 4 2 0 12 15 4 3 2 0 0 0 0 0 1 5 4 5 9 14 15 9 2 2 4 6 9 3 0 1 9 12 4 0 3 0 0 7 13 0 
0 20 9 0 0 5 0 0 0 5 0 0 2 1 0 0 0 5 4 0 2 0 0 1 0 5 11 6 1 4 3 4 9 13 12 4 0 3 3 6 10 7 0 0 12 15 4 3 1 0 1 0 0 0 1 5 4 5 9 14 17 11 1 1 5 8 10 4 0 3 10 13 5 1 4 1 0 7 13 0 
32 18 1 0 22 31 29 10 23 14 0 0 3 12 0 0 4 15 8 0 0 5 11 3 0 2 1 3 10 9 3 7 20 22 9 2 0 3 6 6 4 0 0 0 0 0 0 5 10 5 0 0 2 8 8 2 5 13 6 1 4 8 7 0 4 5 4 5 6 7 9 20 27 16 10 10 9 7 9 0 
1 10 1 0 5 27 33 24 19 7 6 0 0 0 0 0 8 16 8 0 0 6 3 0 0 2 1 3 10 9 2 4 18 20 7 0 0 4 8 11 6 0 3 3 3 0 1 7 10 5 0 0 4 12 12 6 9 17 10 5 8 7 5 0 4 5 3 3 4 5 7 18 25 14 8 8 7 5 7 0 
10 10 2 0 6 4 4 18 32 33 8 0 0 0 0 2 6 2 0 0 0 0 0 0 0 1 3 5 8 3 0 0 4 10 10 5 0 2 0 1 4 6 13 10 13 12 2 0 0 0 1 0 1 1 0 6 9 4 4 7 4 0 5 8 3 0 0 0 4 13 7 2 13 25 29 26 23 9 0 -4 
37 27 0 0 8 0 0 22 17 8 9 0 0 2 0 6 10 4 0 2 0 8 8 5 0 1 3 5 8 3 0 0 3 9 9 4 0 2 0 0 2 6 13 11 12 13 4 0 0 0 0 0 1 1 0 6 9 4 4 7 4 0 7 12 7 0 0 0 4 13 7 2 13 25 29 26 23 9 0 -4 
47 19 0 0 3 15 19 15 5 10 5 3 1 0 0 0 6 7 2 3 6 1 6 3 0 6 5 5 16 15 5 0 11 13 3 5 3 1 3 0 0 2 6 10 9 2 0 0 0 13 19 9 0 0 3 11 15 16 14 6 7 11 5 8 25 25 5 0 0 5 13 9 10 9 2 18 26 14 4 -2 
25 12 1 0 0 4 15 5 19 17 5 9 2 0 0 0 6 7 7 3 1 5 1 0 0 6 5 4 12 11 1 0 11 13 3 5 4 2 4 0 0 2 6 10 9 3 0 1 3 16 18 12 2 0 3 10 12 13 11 3 4 8 3 7 24 26 9 0 0 5 12 6 7 6 0 16 24 12 2 -2 
26 10 1 0 1 6 0 3 10 2 3 0 4 0 4 7 5 6 8 10 3 1 0 0 7 13 15 6 0 6 6 0 7 14 12 10 3 4 8 3 1 7 17 18 16 14 4 0 0 2 1 3 5 0 2 0 0 0 3 4 1 5 12 7 0 0 0 1 4 8 5 0 0 0 2 6 3 9 11 -2 
61 21 1 1 0 0 6 8 1 1 2 4 10 0 4 7 5 6 8 6 3 0 0 3 11 15 14 7 0 6 7 0 6 12 5 4 0 2 6 4 3 8 18 19 17 15 4 0 0 3 2 6 7 0 0 0 0 0 3 4 1 5 13 7 0 0 0 4 7 11 7 0 0 0 3 7 4 10 12 -2 
17 13 3 0 0 0 0 0 0 4 3 5 3 0 0 1 4 6 11 9 0 0 0 4 15 23 14 0 2 9 2 0 7 4 0 0 0 1 0 2 5 8 6 0 3 5 3 4 2 2 2 1 7 10 3 2 0 2 14 16 6 2 4 2 4 3 0 1 8 12 2 8 25 18 4 6 12 12 15 -6 
8 8 3 3 4 0 0 3 5 22 15 6 2 0 0 1 6 8 13 5 0 5 0 4 15 19 8 0 3 10 3 0 11 9 0 0 0 1 0 2 5 8 6 0 3 5 3 4 3 3 3 2 9 13 6 4 0 3 13 15 5 1 3 2 2 3 0 1 8 12 2 10 27 20 5 6 12 12 15 -5 
1 0 0 0 0 0 0 9 11 15 6 0 1 0 0 16 23 7 2 12 15 16 10 7 8 11 13 2 1 2 0 0 3 3 0 0 0 1 5 4 1 7 12 11 8 3 6 5 0 1 0 0 4 17 27 16 13 18 8 13 24 11 0 0 0 0 0 7 5 0 1 1 2 3 9 19 17 10 4 -3 
7 7 7 0 3 0 0 0 8 9 2 0 6 0 2 18 25 7 2 12 17 19 15 8 7 13 15 8 7 1 0 0 3 2 0 0 1 2 5 1 0 6 11 12 9 4 7 6 0 2 0 0 4 17 27 17 16 21 11 15 26 12 1 1 0 0 2 9 7 2 3 3 4 5 11 21 19 12 6 -3 
4 4 3 3 0 0 2 10 18 13 15 13 0 0 6 6 0 0 4 16 19 9 4 1 0 10 13 4 0 0 1 0 2 9 1 0 2 4 0 0 5 21 28 24 16 12 11 9 3 16 20 12 23 26 12 4 7 16 16 13 13 6 7 11 5 7 2 10 10 0 1 0 0 3 5 5 18 23 11 -3 
23 6 0 0 0 0 4 6 6 9 12 1 0 2 8 8 2 0 4 16 19 9 4 1 0 13 17 5 0 0 4 2 4 12 2 0 1 3 3 0 7 21 28 24 16 12 11 9 9 22 25 16 27 30 16 8 11 20 20 16 16 9 10 14 11 15 10 18 16 0 2 1 0 3 5 5 18 23 9 -2 
15 0 0 0 1 1 0 0 3 4 0 0 0 3 6 6 4 2 8 10 8 5 8 13 12 14 15 7 0 0 0 4 7 7 14 13 13 7 2 1 0 15 28 27 12 7 11 7 10 14 13 4 0 13 15 12 9 1 8 6 3 19 28 30 32 30 24 16 13 14 10 13 17 9 4 11 21 10 0 0 
31 23 0 0 0 4 5 0 0 4 0 1 0 3 6 6 4 2 8 10 8 5 8 13 12 14 15 3 0 0 0 2 7 8 14 17 15 8 0 0 0 15 28 27 11 6 10 7 8 14 13 4 0 13 15 12 9 1 8 6 3 19 28 30 32 30 24 16 13 14 10 13 19 11 6 12 22 11 0 0 
28 10 0 0 5 3 0 2 8 3 0 1 4 0 1 4 7 9 17 21 10 4 3 3 6 9 9 10 14 9 0 0 0 2 0 1 5 1 0 0 7 16 24 16 2 0 4 3 0 12 15 6 17 22 7 0 0 0 2 8 8 12 23 21 22 29 21 20 22 14 15 11 3 3 1 0 8 17 13 0 
9 9 2 0 1 0 3 12 9 1 0 0 0 0 1 4 7 7 10 14 3 0 0 0 3 5 5 6 14 6 0 1 0 0 0 1 3 0 0 2 8 17 25 17 3 1 5 6 0 13 17 8 19 24 9 0 0 0 2 8 8 12 23 21 21 28 20 20 22 13 14 10 2 2 0 0 8 17 14 0 
39 8 0 0 3 4 1 12 18 3 0 14 1 0 0 1 3 1 0 6 13 10 12 10 0 0 7 8 1 0 4 10 0 0 1 0 2 0 0 2 7 19 24 13 9 17 16 10 13 15 12 12 14 16 15 10 4 0 0 3 7 6 5 12 26 29 21 19 26 29 24 24 25 18 14 12 17 12 0 0 
18 6 0 2 7 4 4 15 29 24 21 10 7 0 0 1 4 3 0 6 1 3 7 6 0 0 4 2 1 0 3 8 2 0 1 14 11 4 0 2 7 19 24 13 9 17 16 12 14 16 12 12 13 14 14 9 3 0 0 4 8 6 4 11 26 29 21 19 26 29 24 24 25 18 14 14 19 14 0 0 
7 7 0 6 11 18 18 15 15 7 7 12 0 1 5 5 13 11 0 0 0 0 3 7 7 6 5 0 0 3 7 0 4 1 0 0 4 6 0 2 16 33 37 23 11 16 19 15 9 15 20 9 6 12 20 22 18 18 12 1 0 9 15 15 9 13 3 5 19 20 24 23 13 14 13 6 3 12 23 -14 
19 3 0 6 11 29 27 18 11 12 5 0 0 2 4 4 8 6 0 1 1 0 4 9 11 9 5 0 0 9 9 0 0 0 0 2 6 2 0 2 16 33 37 23 11 16 19 15 9 15 20 9 4 10 18 20 16 16 11 0 0 9 15 15 6 10 0 2 16 17 21 20 10 11 10 3 0 9 20 -17 
0 0 0 0 6 3 4 6 3 2 4 0 0 0 0 11 23 16 1 4 5 0 9 16 14 12 5 0 6 13 5 0 11 11 0 5 7 2 0 9 26 42 44 35 20 5 1 1 4 6 7 5 0 2 4 5 5 9 12 8 2 1 6 6 0 2 1 9 25 30 25 37 48 35 18 17 22 26 27 -8 
0 1 0 0 0 1 0 4 4 3 13 20 5 0 0 9 21 14 6 9 7 0 7 6 12 11 2 0 8 14 6 0 3 0 0 5 10 0 0 9 26 42 44 35 20 5 1 1 4 6 7 5 0 2 4 5 5 9 12 8 3 2 7 7 1 2 1 9 25 30 25 37 48 35 18 17 22 26 27 -8 
0 5 0 0 0 0 0 0 0 19 10 5 0 11 5 0 6 16 15 2 0 0 0 0 0 0 0 3 13 15 7 0 0 2 0 6 1 0 0 3 17 28 28 29 38 32 20 25 33 34 23 10 6 13 8 3 3 7 9 6 7 7 12 27 24 24 16 20 35 33 23 15 8 12 13 9 6 3 0 -18 
0 11 0 4 0 0 2 2 0 1 10 2 0 5 3 0 7 13 5 3 0 2 0 0 0 0 0 3 11 13 4 0 1 2 0 4 6 0 0 3 17 28 28 29 38 32 20 25 36 37 26 13 13 20 16 11 11 12 13 9 10 10 15 30 24 24 16 20 35 33 23 15 8 12 13 9 6 3 0 -18 
0 18 0 0 0 6 4 2 10 7 9 5 6 1 0 3 5 5 2 10 12 0 0 0 0 1 0 0 9 12 0 0 12 8 1 0 0 0 4 11 20 34 40 38 39 34 24 19 10 10 17 14 13 20 22 21 24 20 11 8 14 16 21 39 17 6 13 19 23 22 15 11 7 3 0 8 16 19 22 -23 
0 1 0 0 0 0 3 5 5 3 2 2 0 0 0 6 4 0 0 0 3 4 0 0 0 0 0 0 0 2 3 0 15 11 2 0 0 2 12 19 28 42 48 46 47 42 32 27 18 17 22 18 18 23 22 21 24 20 11 8 14 16 21 37 14 3 10 16 20 19 12 8 7 3 0 8 16 19 22 -23 
0 1 0 0 0 2 5 6 4 2 8 3 0 0 0 0 5 0 0 7 3 0 1 0 4 4 3 4 0 0 0 2 0 0 0 0 0 0 7 13 13 17 27 32 37 32 11 0 0 0 7 17 12 4 9 12 8 7 6 5 4 3 1 0 0 3 7 16 22 10 1 4 7 6 5 9 9 14 24 -3 
23 0 0 0 0 0 0 0 0 1 1 0 0 2 0 0 0 0 1 0 0 2 0 0 1 4 12 9 0 0 0 0 5 6 0 2 0 0 7 13 12 16 26 31 36 31 10 0 0 0 7 17 12 2 6 9 5 4 3 2 1 0 0 0 0 3 7 16 17 5 0 3 6 5 4 8 8 13 23 -3 
0 0 0 4 12 4 0 2 1 0 0 0 0 0 0 0 0 0 0 7 0 0 7 0 0 0 8 13 0 2 0 8 15 10 0 2 4 0 0 0 0 9 23 27 27 29 21 12 8 1 1 4 2 0 0 2 3 5 12 9 5 9 20 34 25 12 9 0 0 4 9 11 14 28 23 9 3 9 22 -1 
1 17 0 1 7 0 0 0 0 0 1 0 3 5 3 4 0 0 1 9 0 3 6 7 3 0 8 11 0 0 0 14 20 6 0 0 4 0 0 1 0 7 21 25 25 27 19 15 11 4 4 7 1 0 0 2 3 4 9 6 2 6 19 36 28 15 12 2 0 4 13 15 18 32 27 13 7 13 26 -1 
20 20 0 0 0 0 0 0 0 1 5 0 0 2 0 0 11 9 11 0 9 20 17 11 9 2 0 0 4 0 0 1 0 0 0 4 1 0 2 0 0 0 3 7 10 10 11 20 18 6 3 1 0 0 0 1 1 1 0 4 8 14 23 24 10 7 9 11 13 18 20 17 8 5 9 9 9 18 19 -11 
3 12 0 0 0 0 0 0 0 1 5 0 0 5 0 3 14 14 0 0 2 9 2 2 2 2 0 0 0 0 0 0 0 0 4 9 0 0 2 4 0 0 3 7 10 10 11 20 18 6 3 1 0 0 0 2 2 3 0 4 8 14 23 24 8 5 7 10 14 19 21 16 7 4 7 7 7 16 17 -13 
1 1 0 0 1 0 1 5 0 0 16 19 1 0 7 21 21 16 19 19 30 11 5 0 1 3 2 0 0 0 2 4 5 0 4 11 9 3 4 0 0 0 9 19 21 17 7 6 6 6 22 28 15 2 0 6 10 6 4 0 0 3 13 27 31 33 30 19 18 19 11 6 8 16 15 6 7 23 41 0 
19 12 0 2 5 1 0 5 5 0 17 23 5 0 14 30 26 19 24 39 21 7 20 15 11 21 9 2 0 3 12 9 4 0 4 11 9 5 6 0 1 0 9 19 21 17 7 6 6 6 22 28 14 3 0 6 10 8 8 2 0 3 13 27 31 33 30 19 18 19 11 1 3 11 10 1 2 18 36 0 
10 6 0 3 5 0 3 2 0 0 15 32 37 33 26 29 34 31 27 21 26 16 3 16 6 3 5 0 2 0 0 7 1 0 0 10 11 7 3 0 0 0 5 15 14 12 12 6 9 12 5 2 1 0 0 3 10 16 17 17 10 5 7 23 26 15 11 5 1 8 8 0 1 17 27 19 12 15 20 -5 
13 13 0 3 5 0 3 2 0 0 10 26 22 19 12 14 18 16 16 19 46 28 21 5 2 3 3 0 2 0 7 4 0 0 0 10 8 3 1 0 0 0 5 15 14 12 11 4 7 10 3 1 0 0 4 7 14 20 21 21 14 9 11 27 29 18 14 8 4 11 7 0 1 17 27 19 12 15 20 -5 
16 1 0 0 0 0 1 3 2 0 0 0 0 4 18 30 30 19 7 27 11 9 1 1 0 0 1 1 0 2 3 5 12 0 0 3 5 3 1 0 0 4 8 3 3 2 0 0 5 9 13 10 3 3 6 6 0 0 3 7 4 2 9 9 6 6 2 0 3 9 5 0 7 10 13 10 1 11 29 0 
0 16 0 0 0 0 1 5 9 2 0 0 0 4 18 24 22 12 11 12 5 0 0 0 0 0 0 0 4 7 9 10 6 0 0 3 2 1 0 0 0 4 8 3 3 2 0 0 3 7 11 10 4 6 9 9 3 0 3 7 4 2 9 9 6 6 2 0 3 9 5 0 7 10 13 10 1 11 29 0 
0 0 0 0 0 0 0 2 1 0 0 0 0 6 2 0 2 0 0 5 2 0 4 0 0 0 0 3 2 7 1 5 2 0 1 3 4 0 0 0 0 0 9 19 17 18 14 3 0 2 7 5 1 8 7 8 21 22 19 13 11 14 10 15 8 0 7 8 7 11 7 5 13 18 12 15 25 30 29 -10 
17 17 0 2 0 0 0 2 4 3 0 0 2 9 2 0 0 0 6 17 0 0 7 7 0 0 0 11 14 13 30 31 1 0 3 5 4 0 0 0 0 0 9 19 17 18 15 5 0 2 7 5 1 8 7 8 21 22 19 13 11 14 10 15 8 0 8 11 10 14 10 7 15 20 14 17 26 31 30 -9 
13 3 0 2 2 0 4 5 5 4 4 0 0 1 0 0 0 7 9 5 0 0 4 11 6 0 4 8 8 5 30 43 27 0 0 4 8 12 12 7 3 4 4 0 2 8 10 14 5 1 7 19 30 30 30 35 31 24 26 28 28 30 37 39 18 16 13 9 6 6 1 3 10 6 14 24 15 13 22 -24 
5 10 0 2 0 0 0 9 6 0 0 0 1 1 0 0 3 10 17 5 0 0 6 5 11 0 0 10 5 13 46 47 13 0 0 4 8 11 15 11 10 15 10 0 2 8 10 14 7 2 4 15 28 28 30 36 32 25 25 28 28 30 37 39 17 15 12 8 5 5 0 2 9 5 13 23 14 12 21 -25 
0 21 0 10 17 2 0 5 8 0 0 0 5 3 0 6 11 3 0 2 0 0 0 5 17 16 13 12 17 1 12 9 0 0 0 1 0 0 12 25 14 0 2 0 10 27 27 10 1 11 10 7 9 18 22 24 39 45 23 3 6 16 20 27 6 0 3 13 22 19 11 16 18 10 12 21 25 25 23 -24 
18 4 0 9 16 1 0 8 1 1 0 0 0 0 0 8 11 1 0 4 0 0 0 10 25 19 11 23 7 0 4 12 5 3 0 1 3 0 12 26 14 0 3 0 10 27 27 10 0 8 7 4 8 17 21 28 43 44 22 2 5 15 19 26 10 4 7 17 26 23 15 20 22 14 16 25 29 29 27 -20 
16 7 0 5 4 0 0 2 1 1 1 0 0 0 0 0 0 6 15 23 15 1 6 8 2 0 3 0 0 0 15 30 25 6 0 2 0 5 12 8 9 16 20 7 3 3 0 7 3 0 4 11 14 14 17 23 22 22 26 24 9 0 6 10 10 6 0 14 34 36 35 44 43 27 24 38 43 43 45 -4 
0 0 0 10 13 6 0 0 0 8 4 0 0 0 0 0 0 6 19 33 19 16 8 11 10 1 9 3 0 0 0 32 29 1 0 2 0 3 10 6 8 18 22 12 7 4 0 4 5 0 0 2 4 4 7 12 13 15 22 21 7 0 6 10 11 7 0 14 34 36 35 44 43 27 24 38 43 43 45 -4 
0 0 0 9 12 4 0 10 16 0 0 0 9 4 0 0 4 15 17 12 8 9 0 0 5 3 3 8 0 0 5 0 2 0 0 1 0 0 5 6 0 2 10 15 23 22 10 6 3 1 0 0 6 15 13 11 22 26 14 2 13 24 26 28 11 0 3 19 24 7 3 22 32 27 22 25 26 26 30 -13 
0 0 0 12 17 6 0 9 19 6 5 0 14 20 0 0 1 11 11 6 2 3 0 0 9 5 7 26 12 1 21 22 9 0 0 2 3 0 5 6 0 1 8 14 20 19 14 5 4 2 0 0 6 15 13 11 24 30 19 8 20 34 36 38 17 4 6 22 24 7 3 21 30 24 19 22 23 23 27 -16 
0 0 0 11 0 0 0 1 2 2 2 0 3 8 9 6 9 2 0 8 13 9 4 2 0 0 4 12 14 8 10 52 22 0 0 5 2 0 6 7 2 10 18 9 12 20 10 9 4 0 0 1 5 11 14 20 25 24 29 27 13 9 17 21 27 22 9 25 38 33 30 29 28 20 15 28 34 30 36 0 
0 0 0 6 0 3 0 2 2 10 4 0 3 8 6 5 9 2 0 8 10 6 4 0 0 0 2 0 9 0 25 26 2 0 0 6 8 0 6 7 4 12 18 13 14 20 14 8 6 0 6 12 16 22 25 31 35 34 37 35 21 17 25 29 35 30 17 30 43 38 35 34 33 25 18 31 37 33 39 0 
9 0 0 11 25 8 0 3 15 7 6 0 10 17 3 0 0 0 0 4 8 9 0 0 0 0 7 15 10 14 15 8 0 0 0 2 3 0 1 4 3 14 29 29 25 16 16 27 20 8 0 9 19 19 9 4 2 2 5 7 4 8 21 13 0 0 10 31 42 32 30 38 32 25 29 35 42 59 64 -3 
9 6 0 8 9 0 0 15 18 16 5 0 3 7 8 4 0 0 0 4 8 9 0 0 2 2 11 17 19 0 0 0 0 4 1 6 2 0 0 0 0 10 28 30 28 17 17 29 19 0 0 9 19 19 9 4 2 2 5 7 4 8 21 13 0 0 10 31 42 32 30 38 32 25 29 35 42 59 64 -3 
3 3 0 4 11 0 4 16 31 28 8 0 0 2 6 1 0 0 5 12 12 8 4 6 8 0 6 24 16 0 0 0 0 0 6 0 7 0 0 0 1 5 3 5 2 0 3 0 0 1 0 0 0 11 37 59 68 70 60 52 60 60 58 56 35 47 57 40 15 0 6 16 20 14 6 22 37 46 60 -23 
1 1 0 0 4 0 2 5 11 16 0 0 0 0 0 0 0 2 3 6 5 2 0 0 3 0 6 20 14 0 1 4 0 2 11 3 2 18 2 0 1 5 3 2 1 0 2 0 0 7 5 1 0 11 38 58 67 69 57 49 56 56 54 52 35 48 59 45 20 7 16 25 29 23 15 31 46 55 69 -14 
0 0 0 0 0 0 2 0 6 4 0 0 1 0 0 0 0 1 0 0 0 4 1 0 1 4 0 0 3 0 4 11 11 10 9 8 0 6 6 0 0 6 4 0 2 0 0 3 3 12 20 15 13 25 45 68 84 99 113 116 109 103 100 91 77 81 75 56 35 10 9 27 19 9 20 29 30 47 58 -14 
36 0 0 0 1 0 0 6 19 17 7 2 0 0 0 0 0 3 0 0 0 1 4 0 0 4 0 0 0 1 5 13 20 11 0 1 2 0 0 0 0 3 1 0 3 2 0 3 6 15 23 18 17 28 48 71 87 101 115 118 111 105 102 93 75 79 73 54 33 8 7 25 17 7 18 27 28 45 56 -16 
0 0 0 0 0 0 0 0 3 13 19 20 1 0 0 0 1 2 3 0 0 2 1 6 7 10 6 0 1 0 0 0 0 0 0 0 3 2 3 0 0 0 1 0 1 0 0 0 0 9 15 10 9 28 60 83 106 131 136 133 127 112 104 89 69 81 89 73 57 29 4 0 13 28 35 49 46 44 54 -6 
37 18 0 0 0 7 4 0 0 4 2 11 9 0 0 0 5 4 2 0 0 2 4 0 9 6 8 0 5 4 2 0 0 0 0 0 0 2 0 0 0 0 0 0 1 1 1 0 0 9 15 10 9 27 58 81 104 129 134 132 126 111 103 88 69 81 89 73 57 29 4 0 13 28 35 49 46 44 54 -6 
0 0 0 0 0 0 0 0 8 0 2 7 2 0 0 0 5 12 0 0 1 1 0 6 15 14 0 1 8 12 4 0 4 9 6 4 0 0 0 0 3 5 1 0 10 17 10 3 0 2 2 6 10 12 32 65 98 120 127 125 120 114 111 102 79 81 70 54 36 9 2 19 18 6 15 33 38 46 53 -22 
35 0 0 0 0 0 0 2 1 0 3 5 6 1 1 0 0 9 9 0 2 2 0 8 15 9 0 2 9 13 5 0 5 8 8 5 0 2 0 2 9 6 0 0 10 17 10 4 0 3 3 8 14 16 36 67 100 122 129 127 122 116 113 104 79 81 68 52 34 7 0 17 16 4 13 31 36 44 51 -24 
0 0 0 0 0 0 0 3 11 0 0 11 6 9 14 0 0 6 3 0 3 0 0 0 0 10 3 0 10 21 14 7 12 10 1 0 1 5 0 2 2 1 5 1 0 0 0 0 0 0 11 18 13 27 54 74 91 111 121 122 121 119 115 102 75 80 77 56 44 17 3 13 16 21 28 38 36 37 42 -17 
22 16 0 4 0 0 0 0 3 3 0 2 11 0 0 0 0 8 6 0 3 0 0 5 3 9 8 0 10 21 14 12 15 5 1 0 4 8 9 11 9 6 10 12 8 3 5 4 0 0 11 18 13 27 53 72 89 109 119 120 119 117 113 100 72 77 74 53 41 14 0 10 17 22 28 38 36 37 42 -17 
0 0 0 0 0 0 0 2 1 0 3 6 6 7 3 0 10 14 8 0 8 7 1 6 8 0 2 0 3 6 4 0 4 9 6 0 0 4 6 8 14 11 7 6 11 19 8 0 0 0 5 15 20 19 40 72 94 102 96 93 96 96 98 91 71 70 69 66 43 6 0 16 21 19 24 37 44 54 66 -11 
41 18 0 0 0 0 0 3 1 3 3 10 17 12 0 0 0 4 3 0 4 3 1 7 7 0 3 0 0 1 0 0 4 7 5 0 0 4 6 8 14 11 8 8 10 18 7 0 0 1 6 16 20 19 41 73 95 103 97 94 97 97 99 92 73 72 71 68 46 7 0 16 21 19 24 37 44 54 66 -11 
66 33 3 0 0 0 2 0 0 0 4 1 1 1 0 0 0 7 10 0 3 3 3 0 0 9 4 0 0 0 1 0 4 8 0 0 4 1 0 1 0 3 6 0 0 0 6 9 0 3 10 2 0 16 36 53 64 77 87 87 84 83 78 70 52 55 51 36 20 1 5 17 16 19 22 27 26 32 37 -21 
23 7 0 5 1 0 6 1 0 4 2 4 0 0 0 0 0 0 0 0 0 0 0 1 3 13 0 0 0 0 2 6 11 12 0 0 4 1 0 1 0 3 4 2 2 0 5 6 0 3 10 3 0 16 36 52 63 76 86 86 83 82 77 69 58 62 58 43 27 8 12 24 24 27 30 35 34 40 45 -13 
15 3 0 9 5 0 2 4 0 0 6 6 0 4 5 0 1 0 6 0 0 0 1 6 2 1 9 2 0 0 4 12 11 4 0 0 2 6 2 4 6 0 0 4 6 0 0 0 0 3 7 15 19 20 38 65 80 81 75 68 64 67 70 61 45 46 51 54 43 11 0 10 14 23 28 25 20 31 48 -8 
25 10 1 20 0 0 0 0 0 1 7 1 0 6 0 0 0 0 0 0 0 0 2 6 7 1 0 1 1 0 4 13 6 0 0 0 2 6 2 0 4 0 0 5 4 0 0 0 0 2 6 14 18 19 37 65 80 81 75 68 64 67 70 61 44 45 50 53 42 11 0 9 13 22 27 24 19 30 47 -9 
25 17 2 11 7 0 0 0 0 0 1 0 0 0 0 1 2 0 0 7 0 1 7 6 3 3 6 0 0 0 6 6 0 0 3 1 0 0 0 0 1 1 0 0 0 0 1 0 3 16 11 1 4 13 32 49 51 50 52 47 45 51 52 47 46 48 52 51 37 11 3 7 8 11 12 17 22 35 48 0 
21 11 0 13 26 16 1 0 0 0 0 0 0 0 1 0 0 3 0 0 0 3 0 0 1 5 5 2 0 0 5 7 0 2 8 7 5 0 0 0 1 3 0 1 0 0 2 0 3 16 11 1 4 13 32 49 49 48 51 46 44 50 51 46 45 47 51 50 36 11 1 5 3 6 6 10 15 28 41 0 
2 2 0 0 5 8 8 12 2 2 13 0 1 4 0 6 1 0 2 1 0 0 2 8 7 2 1 2 0 0 0 0 0 7 12 4 9 15 1 0 3 11 12 6 1 1 2 0 0 0 3 10 18 23 27 35 42 49 47 32 26 32 38 37 27 26 34 38 34 15 0 0 0 1 0 0 3 22 40 -4 
0 1 0 9 13 12 27 0 0 2 0 0 4 1 0 6 5 0 2 1 0 7 13 6 9 15 3 2 1 0 0 1 0 7 12 0 1 9 0 0 3 11 12 8 4 1 0 0 0 0 1 2 8 13 17 27 34 41 39 24 18 24 30 29 21 20 28 32 28 10 0 1 0 1 0 0 3 22 40 -4 
3 3 0 8 14 4 12 5 5 1 2 0 0 0 0 3 6 0 10 5 0 1 10 11 11 3 4 0 0 6 10 7 0 1 8 7 0 11 19 4 6 11 11 4 4 14 13 0 9 20 12 0 0 7 20 29 34 38 39 29 23 29 31 29 26 26 23 24 22 6 0 2 0 1 1 0 3 11 19 -4 
0 0 0 0 19 16 41 2 0 4 0 0 1 0 0 3 4 0 16 8 0 7 17 6 5 3 5 0 0 5 12 4 0 1 3 3 0 12 20 8 8 13 13 4 3 12 8 0 11 20 6 0 0 7 20 29 34 38 39 29 23 29 31 29 27 27 24 25 23 6 0 2 1 2 1 0 3 11 19 -4 
0 9 3 0 0 1 1 6 0 11 7 0 0 2 0 4 0 0 1 16 0 16 40 24 12 15 2 0 6 5 5 0 1 0 3 4 0 0 0 0 0 1 3 5 7 7 0 0 1 7 1 0 0 5 13 18 17 20 25 16 12 18 18 14 9 7 14 20 12 3 2 0 0 3 0 0 10 27 36 -6 
3 14 0 16 19 8 8 46 30 7 15 0 0 0 0 0 0 0 5 9 0 26 14 1 2 15 9 0 6 4 0 0 0 0 0 0 0 1 0 0 0 1 3 5 8 8 8 0 3 8 0 0 1 6 14 17 16 19 24 15 11 17 17 13 6 4 11 17 9 0 0 0 0 3 0 1 11 28 37 -6 
0 11 0 3 17 0 0 0 0 21 10 0 0 0 0 1 0 0 1 2 0 0 18 2 3 8 0 0 0 7 6 0 0 0 0 3 0 2 3 0 3 8 2 6 11 4 4 0 8 12 7 3 5 6 3 0 4 12 10 3 2 7 12 6 0 11 11 4 0 0 5 2 0 0 2 2 4 16 29 -5 
5 17 0 0 32 48 31 12 10 3 3 0 0 0 0 5 1 0 0 3 0 0 1 0 0 2 0 0 0 7 8 11 0 0 0 0 0 0 1 0 7 12 6 10 15 7 0 0 8 15 10 9 11 11 5 0 4 12 10 3 2 7 12 6 0 11 11 4 0 0 5 5 0 0 1 0 2 14 27 -5 
0 7 17 23 31 57 28 44 5 37 10 0 0 0 0 7 8 1 18 9 0 3 11 7 0 0 0 0 0 4 11 11 10 4 1 0 0 2 0 0 1 1 2 2 3 1 0 3 1 1 8 8 8 7 6 3 4 3 0 0 15 39 49 47 33 30 28 29 28 22 13 5 0 1 5 16 34 43 46 -14 
0 10 0 19 3 45 67 5 21 10 15 0 0 0 0 0 7 7 12 8 0 14 9 4 3 0 0 0 0 4 11 7 2 0 0 0 1 1 0 2 3 3 4 4 5 3 3 12 10 10 17 18 18 14 7 7 6 4 0 0 15 39 49 47 36 32 31 32 32 26 17 9 0 2 6 17 35 44 47 -11 
14 20 19 0 19 38 58 47 10 26 0 0 0 2 0 0 3 3 2 2 0 1 5 2 7 2 0 0 2 5 5 0 0 5 0 0 4 0 5 12 7 4 5 6 4 3 3 5 4 2 4 3 2 0 0 3 1 0 0 3 11 12 6 11 4 0 2 13 20 24 38 43 40 48 54 52 52 68 77 -8 
6 22 12 53 39 0 0 4 30 33 35 7 0 3 0 5 0 1 2 0 2 3 0 1 2 1 0 3 7 10 6 0 2 6 0 1 3 0 6 13 8 5 6 7 5 4 4 6 5 3 5 4 3 0 0 7 7 4 0 2 6 5 8 10 1 0 2 13 20 24 38 43 40 48 54 52 52 68 77 -8 
0 6 17 3 4 10 8 13 18 8 9 0 0 0 0 0 0 5 0 0 9 3 0 3 0 0 0 4 3 2 5 0 0 1 0 0 0 0 0 1 0 2 1 0 9 19 29 47 49 47 53 58 66 72 65 62 50 25 0 13 46 76 97 129 140 144 153 156 156 167 158 142 128 112 99 50 6 25 62 -29 
0 7 0 0 10 37 34 11 11 14 0 0 2 0 0 0 0 0 0 2 0 0 0 3 6 0 0 4 3 2 1 0 0 0 0 0 0 0 0 0 0 0 0 0 9 19 29 47 47 44 50 54 62 67 60 57 45 10 0 6 39 70 102 135 141 152 167 170 171 171 162 146 130 114 102 53 9 28 65 -26 
0 0 0 0 16 13 1 6 0 0 0 0 0 3 3 0 5 3 0 2 16 7 1 2 1 0 0 10 25 32 22 7 10 26 15 4 6 9 18 26 26 29 44 54 64 80 94 98 75 73 68 64 58 49 48 54 46 22 14 0 13 66 131 185 192 217 218 212 219 227 223 223 215 186 146 100 42 0 1 -53 
0 0 0 1 0 2 0 0 0 0 0 0 0 9 17 17 19 23 6 8 28 30 16 20 21 0 0 10 25 32 22 10 21 38 33 39 42 38 45 52 49 48 56 63 69 84 97 100 97 95 90 86 80 71 70 76 66 47 27 0 13 66 131 185 185 210 216 210 217 228 224 224 216 187 147 101 43 1 2 -52 
0 0 0 0 3 1 0 0 0 0 4 4 5 3 3 9 13 6 0 10 13 9 11 21 17 10 0 8 14 16 19 17 0 9 2 0 2 10 14 21 24 25 32 40 45 41 35 33 12 4 11 15 12 9 6 6 2 0 0 0 14 52 107 179 205 229 243 252 261 269 269 260 247 233 211 165 90 11 0 -43 
0 0 8 10 25 0 0 8 0 0 9 19 20 18 18 24 28 17 0 11 17 11 17 33 34 28 29 34 43 45 42 38 14 21 15 3 5 12 16 19 23 29 36 43 49 46 40 38 23 21 28 32 29 26 23 26 23 6 0 0 14 52 107 179 220 244 258 267 276 284 284 275 262 248 226 180 105 26 15 -28 
0 0 11 19 3 0 3 6 9 9 17 40 48 41 37 42 52 54 48 50 59 50 37 35 35 35 41 55 59 53 49 47 58 73 59 46 52 55 60 61 52 45 49 54 49 51 61 61 56 53 54 56 50 41 42 50 46 36 0 0 1 45 123 205 228 257 266 269 284 293 293 289 277 260 234 193 129 34 0 -38 
0 0 0 0 0 0 3 6 9 9 17 40 48 41 37 42 52 54 48 50 59 50 37 35 35 35 41 55 59 53 49 47 58 73 59 46 52 55 60 61 52 45 49 54 49 51 61 61 52 49 50 52 46 37 38 46 44 30 16 -1 0 44 122 204 229 264 273 274 282 291 291 287 275 258 232 191 127 32 0 -40 
0 0 6 26 3 0 0 2 1 12 22 25 30 34 34 38 45 48 42 40 34 16 15 30 36 37 40 47 61 61 46 39 54 67 64 59 54 53 61 67 65 57 55 61 63 66 67 63 57 44 36 34 27 25 26 17 7 0 0 0 12 12 72 208 275 301 304 303 307 309 306 296 281 270 253 213 140 31 0 -33 
0 0 0 0 10 0 0 0 -1 10 20 23 28 32 32 36 48 51 45 43 37 19 18 33 39 40 44 51 64 64 49 42 56 69 66 61 56 55 63 69 67 59 57 63 65 68 69 65 59 46 38 36 29 27 28 19 4 0 0 3 15 15 75 211 278 304 307 306 310 312 309 299 284 273 256 216 143 34 0 -33 
0 0 0 0 0 0 0 6 18 26 34 47 52 50 46 50 57 50 35 35 40 31 18 17 32 37 36 29 23 27 35 35 37 39 22 16 21 21 22 21 17 15 21 30 32 32 32 31 28 25 29 32 25 20 20 18 21 7 0 6 29 71 147 245 291 315 317 316 318 318 313 307 299 288 267 232 175 66 0 -30 
0 0 0 0 0 0 0 2 14 22 30 43 47 45 41 45 48 46 31 33 38 28 19 17 21 23 20 23 20 24 32 32 18 20 3 0 5 5 6 5 1 0 6 15 17 17 17 16 13 10 14 17 10 5 5 6 2 2 0 6 29 71 147 245 292 316 318 317 319 319 314 308 300 289 268 233 176 67 0 -29 
0 0 0 0 0 0 0 0 3 11 19 20 25 29 19 13 14 17 20 22 22 9 2 14 28 32 29 36 50 53 44 42 51 55 47 36 32 36 43 53 60 56 55 52 47 49 53 53 49 45 45 45 44 43 40 38 30 11 0 0 19 51 122 231 291 314 318 322 324 326 325 313 298 291 276 248 184 55 0 -22 
0 0 0 3 3 1 0 0 3 11 19 20 25 29 19 13 15 18 21 23 23 10 3 15 29 33 30 37 51 54 45 43 54 58 50 42 38 42 49 59 66 63 60 56 50 52 56 56 55 51 51 51 50 49 46 44 36 22 11 11 30 62 132 239 294 317 321 324 326 328 327 315 300 293 278 250 186 57 0 -22 
0 0 0 8 6 0 0 0 6 14 17 20 15 14 21 18 20 27 23 28 34 26 23 32 44 55 55 52 57 56 50 46 60 74 65 65 74 78 79 77 75 76 83 86 83 84 85 86 84 79 78 76 73 67 58 54 49 35 16 1 10 50 125 234 297 321 321 322 324 326 320 312 306 296 281 254 198 85 13 -26 
0 0 0 4 17 3 0 0 5 13 16 19 14 13 20 17 19 26 22 27 33 25 22 31 43 54 55 53 57 56 50 46 59 73 64 64 73 77 78 76 74 75 82 85 82 83 84 85 83 78 77 75 72 66 57 53 48 34 15 0 9 49 124 233 286 310 310 311 313 315 309 301 295 285 270 243 187 74 2 -37 
0 0 0 0 0 3 0 0 0 5 13 15 20 32 30 24 26 26 22 22 29 25 15 22 40 49 52 57 60 63 67 70 77 80 77 78 81 84 87 92 96 99 101 101 100 102 104 99 90 87 90 89 85 80 69 60 54 42 29 11 8 43 123 234 292 314 318 324 328 330 327 314 302 301 291 264 204 74 0 -23 
0 0 0 0 6 6 0 0 0 5 13 15 20 32 30 24 26 26 22 22 29 25 15 22 40 49 52 57 60 63 67 70 77 80 77 78 81 84 87 92 96 99 101 101 100 102 104 99 90 87 90 89 85 80 69 60 54 42 29 11 8 43 123 234 292 314 318 324 328 330 327 314 302 301 291 264 204 74 0 -23 
0 0 0 0 0 2 0 0 6 11 2 1 0 0 17 19 13 25 31 32 37 32 24 25 28 27 30 41 52 58 56 54 70 83 74 70 80 84 84 88 87 89 102 107 107 110 108 107 104 97 94 93 90 86 78 66 56 42 23 9 7 37 118 233 290 309 311 315 318 321 317 307 296 286 275 251 189 68 0 -32 
0 0 0 0 3 2 0 0 6 11 2 1 0 0 17 19 13 25 31 32 37 32 24 25 28 27 30 41 52 58 56 54 70 83 74 70 80 84 84 88 87 89 102 107 107 110 108 107 104 97 94 93 90 86 78 66 56 42 23 9 7 37 118 233 290 309 311 315 318 321 317 307 296 286 275 251 189 68 0 -32 
0 0 0 0 2 0 0 0 0 1 8 8 0 8 17 18 19 29 31 30 35 30 19 20 28 34 40 39 40 46 49 51 60 63 62 73 87 82 82 99 108 109 109 110 108 117 125 121 115 111 111 106 97 86 72 63 59 50 33 10 7 44 129 239 295 311 313 324 331 333 328 317 305 296 285 260 191 61 0 -22 
0 0 0 0 2 3 0 0 0 1 8 8 2 10 19 20 23 33 35 34 39 34 23 24 32 38 42 41 42 48 51 53 62 65 64 75 89 84 84 101 110 111 111 112 110 119 127 123 117 113 113 108 99 88 74 65 61 52 35 12 9 46 131 241 301 317 319 330 337 339 334 323 311 302 291 266 197 67 6 -16 
0 6 0 0 1 10 11 0 11 18 7 10 8 0 12 16 5 12 22 17 18 20 13 20 33 29 30 38 35 36 37 34 56 78 77 76 84 95 104 111 107 99 104 112 117 123 128 132 131 119 110 109 99 93 87 69 55 38 16 2 6 43 129 245 305 317 320 325 329 331 326 316 303 289 275 255 196 74 0 -22 
0 0 0 0 0 0 0 0 5 9 0 5 6 0 12 16 4 11 21 16 17 19 12 19 32 28 29 37 34 35 36 33 56 78 77 76 84 95 104 111 107 99 104 112 117 123 128 132 131 119 110 109 99 93 87 69 55 38 16 2 6 43 129 245 305 317 320 325 329 331 326 316 303 289 275 255 196 74 0 -22 
0 9 0 0 2 8 0 0 0 0 6 10 3 0 5 2 0 11 16 12 10 5 3 13 23 32 42 43 43 47 49 50 58 70 71 82 95 102 113 126 126 118 122 127 124 129 139 137 128 124 118 113 103 84 71 67 61 52 33 10 10 53 142 248 301 315 318 322 323 326 322 313 302 293 279 253 190 70 0 -24 
58 35 0 1 6 0 5 0 2 0 8 14 10 7 12 9 5 17 22 18 18 13 11 21 31 40 51 52 50 54 56 57 65 75 76 84 97 104 115 128 128 120 121 126 123 128 138 136 131 127 121 116 106 87 74 70 64 55 36 13 13 56 145 251 302 316 319 323 324 327 323 314 303 294 280 254 191 71 1 -23 
7 7 2 2 16 19 2 2 3 0 0 7 5 0 9 9 0 12 19 10 15 13 0 10 30 37 42 44 42 50 54 56 67 70 74 86 95 103 111 120 132 135 136 139 135 137 141 139 133 117 113 121 112 105 102 83 64 48 26 6 9 54 147 259 307 313 318 327 333 335 330 321 304 290 279 256 190 63 0 -19 
35 16 0 5 4 20 5 0 2 0 0 7 5 0 5 5 0 12 19 10 15 13 0 10 30 37 42 44 41 49 53 55 64 67 71 83 92 100 108 117 129 134 135 138 134 136 140 138 132 116 112 120 111 104 101 82 63 47 25 5 8 53 146 258 307 313 318 327 333 335 330 321 304 290 279 256 190 63 0 -19 
7 8 0 0 24 16 23 26 2 0 5 10 12 2 0 4 0 8 26 29 16 4 4 11 20 31 44 55 54 52 58 66 75 84 80 85 102 109 118 127 128 130 139 146 144 145 148 146 142 137 126 117 113 104 98 92 76 56 30 6 12 62 152 256 298 309 316 322 325 329 323 311 298 288 273 239 173 65 0 -25 
20 10 3 3 2 10 3 2 2 0 7 12 2 0 0 4 3 11 29 32 19 7 5 12 21 30 44 55 54 52 58 66 77 86 82 87 104 111 120 129 130 132 141 148 146 147 150 148 144 139 128 119 115 106 100 94 78 58 32 8 14 64 154 258 298 309 316 322 325 329 323 311 298 288 273 239 173 65 0 -25 
14 17 0 6 0 0 4 1 1 0 5 7 2 0 0 0 0 9 12 9 10 3 0 13 21 28 38 42 47 52 46 48 66 76 85 92 96 110 119 124 132 134 134 134 136 148 159 160 158 150 141 134 122 112 105 91 74 56 34 11 13 61 157 267 306 311 315 322 326 333 331 317 298 288 276 246 182 66 0 -22 
0 2 0 5 2 0 0 0 4 0 4 6 1 0 5 0 0 9 12 9 10 3 0 13 21 28 38 42 47 52 46 48 65 75 84 91 95 109 119 124 132 134 134 134 136 148 159 160 158 150 141 134 122 112 105 91 74 56 34 11 13 61 157 267 311 316 320 327 331 338 336 322 303 293 281 251 187 71 5 -17 
33 32 0 7 17 6 0 0 0 0 0 9 10 1 12 18 9 16 32 31 20 14 7 11 24 36 40 44 46 52 59 60 64 74 71 80 99 105 112 122 126 136 146 146 146 149 149 146 141 140 139 128 119 112 104 95 75 51 22 0 8 64 164 271 303 311 317 321 320 322 320 305 289 283 271 237 171 65 0 -30 
0 0 0 1 7 1 0 0 16 0 0 9 10 4 15 24 12 19 32 28 17 11 6 6 19 31 35 43 45 51 58 59 69 79 76 85 104 110 117 127 131 141 151 151 151 154 154 151 142 141 140 129 120 113 105 96 76 52 23 -4 4 60 160 267 302 310 316 320 319 322 320 305 289 283 271 237 171 65 0 -30 
36 23 3 1 0 7 0 6 2 0 0 1 9 9 6 0 0 6 6 7 20 24 30 35 24 26 35 40 49 58 60 61 67 77 89 88 90 106 114 120 133 143 144 144 144 147 151 150 150 146 138 133 130 122 112 106 91 64 39 9 7 54 149 261 304 311 313 320 323 326 324 311 296 290 280 253 188 67 0 -23 
0 1 0 3 1 11 11 8 0 0 0 1 9 9 6 0 0 6 6 7 20 24 30 35 24 26 35 40 49 58 60 61 67 77 89 88 90 106 114 120 133 143 144 144 144 147 151 150 150 146 138 133 130 122 112 106 91 64 39 12 10 57 152 264 307 314 316 323 326 329 327 314 299 293 283 256 191 70 0 -23 
13 18 1 0 0 3 3 4 0 0 0 0 0 0 3 4 0 11 23 13 0 0 7 19 32 42 47 48 55 71 68 54 64 78 75 86 102 108 117 128 133 134 139 140 151 162 160 160 160 157 148 138 135 127 114 98 80 57 30 14 11 52 155 265 295 303 312 321 324 327 326 310 292 285 275 246 185 74 0 -28 
38 40 22 3 3 0 0 3 0 3 1 1 0 0 3 0 0 7 19 10 0 0 7 19 32 42 47 48 55 71 68 54 67 81 78 89 105 112 122 133 135 136 141 142 153 164 162 162 160 157 148 138 135 127 114 98 80 57 30 14 11 52 155 265 298 306 315 324 327 330 329 313 295 288 278 249 188 77 0 -25 
20 27 0 1 0 10 8 2 0 0 1 6 7 0 2 8 0 0 0 4 20 25 28 27 16 27 39 33 33 46 60 69 66 69 81 86 91 102 108 113 124 136 146 151 151 154 158 156 155 156 147 138 138 132 122 112 92 63 36 15 7 40 135 255 306 313 318 324 325 327 323 311 299 296 287 260 199 79 3 -23 
22 0 0 0 0 10 5 4 0 0 1 6 10 5 10 14 5 7 0 5 24 29 32 31 20 31 43 37 37 50 64 73 72 75 85 89 94 105 111 116 127 139 148 153 153 156 160 158 158 159 150 141 141 135 125 115 95 66 39 18 10 43 138 258 305 312 317 323 324 326 322 310 298 295 286 259 198 78 2 -24 
3 6 3 6 6 5 18 4 0 3 5 10 14 20 16 1 0 12 23 9 0 0 7 12 12 20 24 27 39 57 63 55 56 65 68 81 87 88 103 111 124 135 134 133 149 165 171 170 158 144 126 123 126 121 114 106 91 62 33 14 3 33 125 237 304 315 316 325 332 338 339 326 310 306 299 273 213 97 17 0 
12 12 14 0 4 6 1 2 0 0 0 6 10 1 2 0 0 20 31 15 2 2 9 14 14 22 26 29 41 59 65 57 57 67 73 86 92 93 105 113 125 136 135 134 149 165 171 170 159 145 127 124 127 122 115 107 92 63 34 15 4 34 126 238 305 316 317 326 333 339 340 327 311 307 300 274 214 98 18 0 
7 7 2 10 0 2 16 8 0 0 0 2 6 0 0 0 0 0 0 4 5 5 17 24 12 12 30 40 41 50 64 70 70 74 80 85 94 111 135 148 141 136 150 165 161 152 148 146 149 155 157 151 141 129 118 108 93 72 48 27 12 37 135 257 309 317 322 332 334 335 333 322 310 306 297 275 221 104 18 -16 
0 13 4 0 2 17 13 0 0 0 0 0 5 5 0 0 2 0 0 4 3 1 13 20 8 8 26 36 37 46 60 66 64 68 74 79 88 105 129 142 136 133 148 163 159 150 146 144 142 148 150 144 134 122 111 101 86 65 41 20 5 30 128 250 308 316 321 331 333 334 332 321 309 305 296 274 220 103 17 -17 
0 9 0 0 7 17 20 5 0 0 4 0 8 7 0 2 6 11 7 3 0 0 6 17 22 34 44 44 44 51 54 58 75 83 90 102 102 104 114 127 143 148 142 145 157 158 153 157 159 153 149 149 144 135 124 109 93 71 54 39 14 34 131 251 301 312 313 322 328 332 330 318 302 295 289 265 207 94 7 -24 
0 2 0 0 0 7 0 0 0 21 7 3 0 1 0 4 8 15 14 0 0 0 6 17 22 34 44 44 44 51 54 58 75 83 90 102 102 104 114 127 143 148 142 145 157 158 153 157 159 153 149 149 144 135 124 109 93 71 54 39 14 34 131 251 301 312 313 322 328 332 330 318 302 295 289 265 207 94 7 -24 
0 21 0 0 4 32 46 5 0 4 6 6 0 0 1 1 9 14 7 9 6 0 1 7 11 15 24 35 41 51 63 66 63 68 77 80 72 84 114 124 117 114 127 144 149 151 158 163 160 153 149 145 138 126 115 108 99 80 48 17 4 38 136 252 301 314 312 319 323 323 324 313 299 293 281 255 201 89 7 -28 
54 0 0 0 8 35 13 9 9 4 0 0 0 0 2 2 12 17 10 14 16 12 13 19 23 27 34 42 46 56 68 71 74 79 88 91 83 95 125 135 126 123 136 153 158 160 167 172 169 162 158 154 147 135 124 117 108 89 57 26 13 47 145 261 321 334 332 339 343 343 344 333 319 313 301 275 221 109 27 -8 
0 0 0 0 6 1 11 1 0 4 8 5 1 0 2 6 6 14 20 18 13 7 11 16 13 22 35 37 37 35 34 48 68 74 82 86 84 93 107 121 133 136 137 147 158 157 152 157 156 150 153 151 141 131 121 105 93 74 43 20 11 49 145 256 297 305 308 316 320 324 322 311 295 287 277 252 195 82 0 -31 
0 0 0 19 17 4 0 0 0 0 1 0 6 0 1 5 4 12 18 16 11 6 10 13 10 21 34 36 36 34 33 47 65 71 79 83 81 90 104 118 130 133 134 144 155 154 149 154 154 148 151 149 139 129 119 103 91 72 41 18 9 47 143 254 297 305 308 316 320 324 322 311 295 287 277 252 195 82 0 -31 
0 7 0 10 33 27 37 10 0 0 0 11 3 0 0 1 7 6 7 19 27 26 10 0 11 22 22 31 48 60 56 47 51 58 70 83 87 102 119 123 128 140 154 160 164 173 177 175 171 162 157 157 148 132 118 106 92 72 47 24 9 42 141 253 310 319 306 318 335 337 338 325 308 299 286 265 220 117 23 -14 
4 4 4 7 11 47 3 4 0 0 2 4 2 0 0 0 0 0 1 12 21 22 10 0 9 20 20 30 47 59 54 45 49 57 70 83 87 102 120 124 129 141 155 161 164 173 177 175 169 160 155 155 146 130 116 104 90 70 45 22 7 40 139 251 292 301 288 300 317 319 320 307 290 281 268 247 202 99 5 -32 
0 15 0 10 40 15 13 7 0 1 4 5 0 0 0 4 0 2 0 0 5 9 15 8 0 13 28 32 29 31 38 49 65 71 79 84 90 111 128 138 146 149 151 153 160 167 169 170 162 160 164 152 134 130 125 106 95 82 53 30 18 52 146 251 297 312 316 324 325 326 324 313 299 288 273 253 204 96 9 -24 
0 4 0 4 22 47 46 15 0 3 6 9 2 0 0 2 2 0 0 0 6 10 13 7 0 13 28 32 29 31 38 49 65 71 79 84 90 111 128 138 146 149 151 153 160 167 169 170 162 160 164 152 134 130 125 106 95 82 53 30 18 52 146 251 297 312 316 324 325 326 324 313 299 288 273 253 204 96 9 -24 
0 0 0 0 10 15 12 3 0 0 3 2 0 1 0 4 3 0 0 4 21 28 18 5 10 21 17 24 42 51 51 56 62 61 63 72 70 80 96 111 133 145 150 147 145 156 162 163 163 156 142 134 126 121 123 117 98 69 36 10 3 38 127 237 277 291 289 296 306 310 312 304 289 279 268 248 205 104 3 -40 
7 7 0 3 4 19 10 0 0 0 0 0 0 0 0 1 7 0 0 7 24 31 22 11 19 30 26 33 51 59 59 64 73 72 75 83 81 89 103 117 138 150 155 152 150 161 167 168 172 165 151 143 135 130 132 126 107 78 45 19 12 47 136 246 300 314 312 319 329 333 335 327 312 302 291 271 228 127 26 -17 
0 0 0 2 12 0 0 0 5 2 0 0 0 1 0 3 0 0 0 3 3 9 17 13 8 18 23 20 22 36 47 58 73 76 77 83 92 103 114 127 135 143 154 155 154 160 161 158 156 154 154 145 130 125 121 108 91 68 40 15 8 44 132 240 296 311 315 326 329 331 331 319 306 299 288 272 227 122 22 -21 
2 16 2 4 12 4 0 0 8 0 0 0 0 2 0 3 10 0 2 5 5 11 19 15 10 20 25 22 24 38 49 60 75 78 79 85 94 105 117 130 137 145 156 157 156 162 163 160 158 156 156 147 132 127 123 110 93 70 42 17 10 46 134 242 293 308 312 323 326 328 328 316 303 296 285 269 224 119 19 -24 
10 0 0 0 0 0 0 3 5 3 0 0 0 0 0 3 2 0 1 1 10 15 17 12 10 18 25 38 56 63 55 52 63 72 83 91 85 89 102 117 133 141 149 153 149 151 149 147 153 148 140 144 143 134 126 110 87 67 50 31 11 31 116 228 284 304 312 321 326 329 329 318 300 291 288 276 238 135 22 -25 
30 41 1 1 10 17 11 12 0 0 8 4 0 0 0 5 0 0 1 1 10 15 17 12 10 18 25 38 56 63 55 52 63 72 83 91 85 89 102 116 132 141 149 153 149 151 149 147 153 148 140 144 143 134 126 110 87 67 50 31 11 31 116 228 284 304 312 321 326 329 329 318 300 291 288 276 238 135 22 -25 
0 0 0 0 0 2 7 12 21 8 0 0 2 2 0 3 0 0 5 15 23 18 18 21 22 35 33 26 41 60 66 67 73 76 77 84 94 99 105 120 128 132 144 146 145 155 161 168 173 159 143 140 139 134 126 116 99 74 49 24 9 41 135 249 299 313 316 324 325 327 327 317 306 300 293 281 237 130 19 -24 
0 11 0 1 7 7 1 0 25 29 3 0 0 1 0 1 3 0 5 15 23 18 18 21 22 35 33 26 41 60 66 67 73 76 77 84 94 99 105 120 128 132 144 146 145 155 161 168 173 159 143 140 139 134 126 116 99 74 49 24 9 41 135 249 299 313 316 324 325 327 327 317 306 300 293 281 237 130 19 -24 
6 12 0 7 9 8 14 8 18 16 27 4 0 2 0 0 4 0 5 12 14 16 25 33 38 42 46 50 54 61 61 58 66 70 77 89 90 97 111 120 130 145 159 166 163 157 155 162 161 151 139 138 137 125 114 102 86 69 51 27 13 44 138 255 301 311 314 320 324 330 334 325 309 300 297 284 228 112 12 -24 
8 17 0 0 17 29 36 54 50 45 14 7 0 1 1 10 0 0 5 12 14 16 25 33 38 42 46 50 54 61 61 58 66 70 78 90 91 98 114 123 132 145 159 166 163 157 155 162 162 152 140 139 138 126 115 103 87 70 52 28 14 45 139 256 302 312 315 321 325 331 335 326 310 301 298 285 229 113 9 -23 
8 9 0 10 2 0 0 11 19 13 8 0 0 0 7 3 0 0 4 19 33 31 28 28 32 45 44 39 45 50 59 64 64 70 69 77 101 109 116 131 132 126 129 133 141 148 149 158 162 151 141 138 132 124 111 96 81 60 37 15 8 51 151 258 306 318 323 330 335 337 337 328 313 310 310 274 179 58 0 -15 
14 22 0 0 9 15 16 19 3 2 5 4 2 0 5 2 0 0 4 19 32 30 27 27 31 44 43 38 44 49 58 63 60 66 65 73 97 105 111 127 130 124 127 131 139 146 147 156 153 142 132 129 123 115 102 87 72 51 28 6 0 43 143 250 306 318 323 330 335 337 337 328 313 310 310 274 179 60 0 -15 
13 13 0 30 44 56 46 6 6 10 20 9 0 0 2 8 0 4 8 1 0 7 21 33 34 28 29 41 49 56 56 52 63 71 69 79 93 107 117 121 126 132 141 147 149 152 152 149 141 136 136 139 135 119 99 85 77 60 37 17 16 69 179 284 315 320 326 332 336 338 338 327 316 314 296 234 121 26 0 -15 
26 21 0 25 24 0 1 1 6 10 16 0 0 0 5 2 0 0 5 0 0 7 21 33 34 28 29 41 49 56 56 52 63 71 69 78 92 106 116 120 125 131 140 146 148 151 151 148 142 137 137 140 136 120 100 86 78 61 38 18 17 70 180 285 323 328 334 340 344 346 346 335 324 322 304 242 129 32 0 -7 
15 15 0 7 16 29 29 46 39 19 6 5 0 0 2 0 0 0 0 8 10 14 22 28 28 32 37 43 41 36 49 63 62 69 65 66 86 97 106 121 125 119 125 135 146 149 140 137 137 127 118 118 115 109 98 82 72 59 36 9 31 124 232 303 319 320 323 328 330 333 335 331 328 322 278 166 43 0 0 -10 
50 18 0 12 25 0 0 22 0 2 2 0 0 1 0 0 0 0 0 8 16 20 28 34 34 38 43 49 47 42 55 69 72 79 75 76 96 107 115 127 127 121 126 136 149 152 143 140 141 131 122 122 119 113 102 86 76 63 40 13 35 128 236 307 321 322 325 330 332 335 337 333 330 324 279 167 43 0 0 -10 
0 7 0 19 21 21 8 0 0 6 2 0 1 0 3 6 0 0 1 0 7 14 15 18 19 27 35 43 54 61 59 54 66 83 84 87 96 106 119 127 125 124 135 143 142 138 133 132 131 127 124 127 122 108 90 79 73 52 24 19 72 173 264 311 319 321 327 335 338 341 344 343 334 290 189 75 15 2 0 -11 
0 2 0 13 12 37 40 25 7 4 1 1 1 0 4 6 0 0 2 0 7 14 15 18 19 27 35 43 56 63 61 56 66 82 83 87 96 106 118 124 121 120 131 139 138 134 129 128 129 125 122 125 120 106 88 77 71 50 22 17 70 171 262 309 317 319 325 333 336 339 342 341 332 288 187 72 13 0 0 -11 
0 9 0 22 34 17 5 10 9 2 0 13 4 2 0 1 0 0 11 30 39 32 30 42 50 50 51 50 46 45 48 59 72 82 83 87 104 114 113 116 118 122 134 137 135 138 135 132 137 137 130 125 119 109 93 78 71 60 24 45 145 238 299 323 327 333 341 346 351 353 355 355 323 239 123 33 5 0 0 -4 
0 9 0 0 1 1 1 1 4 2 2 2 2 2 0 5 0 0 11 31 40 33 31 43 51 51 52 51 47 46 49 60 74 83 84 88 105 115 114 117 119 123 135 138 136 139 136 133 137 137 130 125 119 109 93 78 71 60 24 45 145 238 299 323 327 333 341 346 351 353 355 355 323 239 122 30 1 0 0 -4 
0 0 0 1 8 0 17 0 7 0 2 2 11 0 0 5 0 5 17 9 7 15 22 27 32 39 33 32 42 42 41 38 43 59 64 80 90 94 108 109 98 96 105 116 121 123 123 123 129 122 108 104 102 95 83 75 69 40 32 104 207 276 303 310 319 329 336 340 339 342 350 335 271 156 39 0 0 0 0 -7 
0 0 0 16 10 7 0 17 11 10 0 2 5 0 0 2 0 4 16 8 6 14 21 26 31 38 32 31 41 41 40 37 46 62 67 84 94 98 112 113 104 103 112 123 125 127 127 127 131 124 110 106 104 97 85 77 71 42 34 106 209 278 305 312 321 331 338 342 341 344 352 337 273 159 52 0 0 0 0 -7 
0 6 0 0 0 14 30 21 4 0 0 0 1 0 0 0 0 0 3 8 15 22 26 33 37 38 41 47 60 58 44 51 65 75 84 83 84 94 95 95 103 114 121 118 121 128 130 130 127 124 108 97 100 98 90 83 64 29 67 183 272 308 316 320 324 325 332 341 349 356 353 316 208 76 18 7 0 0 0 -3 
9 0 0 25 25 42 64 63 49 21 0 0 0 0 0 0 0 0 1 0 4 11 15 22 26 27 30 36 49 47 33 40 49 59 74 74 75 86 87 87 98 110 117 114 116 123 125 125 102 99 83 72 75 73 65 58 39 4 42 158 247 283 291 295 296 297 304 313 321 328 325 288 180 51 0 5 0 0 3 -7 
0 0 0 19 33 12 0 0 0 16 5 8 6 3 5 0 0 2 0 0 0 6 15 12 5 7 9 20 33 35 38 38 42 51 48 51 57 61 81 95 89 91 100 99 103 115 116 119 128 123 114 113 112 107 98 90 62 45 117 227 284 294 289 292 300 308 315 323 336 343 320 242 117 37 1 7 0 0 0 -8 
0 0 0 0 3 22 3 3 22 14 3 0 3 7 0 0 0 0 8 5 0 3 12 9 2 4 6 17 30 32 35 35 36 45 42 45 51 55 75 89 83 88 97 96 100 112 113 116 127 122 113 112 111 106 97 89 61 44 116 226 283 293 288 291 297 305 312 320 333 340 317 239 114 14 7 2 0 0 0 -8 
0 3 0 19 0 0 0 5 32 20 8 2 0 0 0 0 0 0 0 1 2 0 3 2 3 5 4 7 20 25 19 30 49 56 54 49 53 61 64 77 91 94 96 104 119 132 136 136 122 123 119 116 127 133 125 114 74 44 103 185 215 222 235 251 274 280 288 301 310 304 259 156 47 14 0 0 0 0 1 -3 
0 7 0 0 1 19 13 22 28 23 54 24 0 0 0 5 0 0 3 6 2 0 3 2 3 5 4 7 20 25 19 30 49 56 54 49 53 61 64 77 91 94 96 104 119 132 136 136 134 135 131 128 139 145 137 126 86 56 115 197 227 234 247 263 274 280 288 301 310 304 259 156 50 13 16 0 0 0 1 -3 
0 23 0 0 0 0 19 4 17 43 24 26 19 15 3 3 3 0 8 7 1 0 4 0 0 0 3 16 10 1 6 13 22 29 25 27 33 40 62 78 75 83 98 100 111 126 129 139 151 159 170 184 199 194 177 156 98 46 76 126 134 131 132 138 148 159 174 191 205 184 108 26 6 9 9 0 2 0 5 -2 
16 37 16 33 22 4 0 7 37 25 38 53 21 0 0 6 0 0 0 0 0 0 4 0 0 0 0 13 7 0 3 10 17 25 21 23 29 36 58 75 72 81 96 98 109 124 127 137 148 156 167 181 196 191 174 153 95 43 73 123 131 128 129 135 146 157 172 189 203 182 106 19 0 13 4 0 0 0 5 -2 
2 2 0 0 0 0 2 0 11 11 11 23 55 31 14 1 1 0 16 24 6 0 4 14 10 3 0 7 19 11 0 1 12 15 16 22 32 41 37 43 53 54 65 79 85 92 104 113 121 134 149 168 189 193 163 121 71 23 21 37 34 33 40 45 48 48 50 62 67 46 10 0 5 14 0 1 0 0 2 -1 
0 0 0 4 0 0 0 0 12 21 29 16 17 17 12 9 5 0 14 0 0 0 4 14 14 5 0 7 15 10 0 1 12 15 18 24 34 41 37 43 53 54 65 79 85 92 104 113 115 128 143 162 183 187 157 115 65 14 14 31 28 27 34 39 43 43 45 57 62 43 10 0 12 2 0 3 6 6 8 -1 
0 27 4 10 4 15 16 16 0 2 0 12 18 0 1 2 0 0 0 2 5 0 6 7 0 0 0 2 0 0 4 14 20 22 19 22 21 12 15 27 26 23 22 21 38 54 60 63 59 64 77 91 112 109 85 57 20 0 0 5 10 13 13 9 7 8 7 2 0 0 0 2 4 0 1 4 3 6 18 -1 
15 29 0 0 53 21 14 12 32 1 5 7 18 0 0 9 9 0 0 3 0 0 6 7 0 0 1 2 0 0 2 12 15 17 17 20 19 9 14 26 25 21 19 18 33 50 56 59 55 60 73 87 108 105 81 54 18 0 0 5 10 13 13 9 6 7 6 1 0 0 1 6 0 0 6 9 8 13 25 -1 
0 4 0 23 1 40 4 0 0 22 30 26 6 0 4 4 0 0 0 2 2 0 1 1 0 0 1 3 3 0 0 4 10 8 4 3 5 4 2 0 0 0 0 3 3 2 5 4 0 4 7 13 22 25 15 5 4 0 0 0 2 0 0 2 0 0 1 2 1 3 9 17 21 12 8 29 41 31 19 -3 
0 2 0 0 7 0 7 3 0 11 27 3 0 0 0 2 2 10 8 6 1 0 1 1 0 0 1 0 0 0 0 2 8 6 0 0 0 0 0 0 0 0 0 3 3 2 5 4 0 3 6 12 21 24 14 6 4 1 0 0 2 0 0 2 0 0 1 2 2 6 12 20 25 20 16 30 42 32 20 -3 
23 23 4 0 0 9 9 23 16 10 21 14 0 5 7 4 16 16 3 0 0 0 0 3 0 0 4 2 2 0 0 0 5 6 0 0 0 0 0 1 2 0 0 0 5 9 6 7 2 0 5 6 8 12 10 7 4 4 4 1 1 3 0 0 0 0 0 2 7 15 28 29 16 14 13 14 20 22 21 -9 
0 8 0 0 4 27 0 0 0 18 2 0 0 11 1 0 6 12 16 2 0 1 0 0 0 0 2 2 1 0 0 0 5 2 0 0 0 0 2 4 5 2 0 0 5 9 6 7 3 0 4 3 5 8 6 3 0 0 1 0 0 4 2 2 0 2 0 2 6 14 27 28 16 10 9 10 16 18 17 -13 
0 0 5 5 28 17 20 0 14 6 13 9 0 1 7 9 11 3 0 0 0 0 0 0 3 0 4 12 2 0 1 2 0 0 0 0 0 0 1 0 3 4 0 3 3 2 3 3 2 4 5 0 2 5 1 2 6 4 0 2 9 15 26 34 26 23 19 18 20 19 15 12 16 13 6 14 14 4 0 -11 
0 0 0 0 14 15 0 0 0 4 35 11 0 3 13 18 0 0 5 0 8 9 4 0 0 0 4 6 4 0 4 5 4 0 0 0 0 3 2 0 3 4 1 3 3 0 1 1 0 3 3 0 2 5 1 2 6 0 0 4 10 16 27 35 28 25 20 18 20 19 15 12 17 14 7 15 15 4 0 -10 
27 28 1 24 13 9 0 0 0 0 0 2 0 4 10 0 12 7 2 1 5 6 0 0 0 0 4 0 4 0 1 8 3 0 3 7 14 17 8 0 5 13 11 4 0 0 1 4 19 25 8 2 8 9 15 13 1 0 0 0 0 5 14 19 20 15 11 17 20 19 28 30 12 1 1 2 0 0 5 0 
4 7 0 0 0 20 6 7 24 31 7 1 0 9 3 0 23 25 2 1 6 10 0 0 0 0 2 7 0 0 1 8 3 0 7 12 21 24 15 7 9 17 12 5 0 0 1 4 20 26 9 7 13 14 20 16 3 0 2 2 1 6 15 20 21 16 12 18 21 20 29 26 7 0 0 1 0 0 5 0 
0 6 6 0 0 0 14 1 5 0 0 0 0 0 17 1 1 16 5 1 9 5 0 0 0 0 6 11 8 0 4 2 0 4 5 5 10 8 9 15 12 6 9 17 18 5 4 5 0 0 0 15 17 8 3 8 16 9 0 2 4 4 5 9 17 24 19 16 15 6 0 0 0 0 0 3 6 2 2 -2 
1 2 0 2 0 0 3 29 6 10 33 6 0 0 6 0 1 0 0 0 0 1 0 2 6 0 9 13 1 0 4 2 0 3 4 4 9 7 8 14 12 8 12 22 24 17 14 11 3 0 0 16 18 11 6 8 17 12 0 3 5 6 7 11 18 25 20 17 16 8 3 2 0 0 0 3 7 4 4 -2 
6 1 0 1 7 18 13 8 2 2 5 5 0 22 4 0 2 3 19 0 0 0 0 5 0 0 6 1 0 0 6 12 5 0 1 0 6 11 5 3 12 17 13 16 19 16 9 8 29 34 20 26 32 16 1 11 24 11 0 0 0 7 21 29 28 22 19 26 25 18 21 11 1 3 0 0 5 9 10 0 
0 9 0 0 5 0 15 9 2 20 1 0 0 0 3 0 21 40 16 0 0 0 0 0 3 0 0 4 0 0 3 9 1 0 1 0 6 11 5 3 12 17 13 16 19 15 9 8 29 37 21 27 33 17 2 12 25 10 0 0 0 7 21 29 28 22 19 26 25 19 23 15 7 0 0 0 5 6 7 0 
2 5 15 15 24 38 19 6 6 4 27 1 0 6 0 0 1 12 4 0 2 1 2 8 0 0 4 0 6 1 0 7 7 0 0 4 4 3 15 24 15 6 1 3 0 0 6 3 0 4 6 13 15 8 4 5 8 5 0 0 2 2 7 24 31 21 11 16 26 23 17 21 20 12 1 0 0 0 0 -3 
0 0 0 4 31 19 5 4 5 21 6 3 0 3 0 0 7 10 0 0 0 0 0 0 0 1 3 5 3 4 0 7 12 2 0 3 3 2 14 22 11 1 0 2 0 0 6 3 0 2 4 11 13 4 0 2 6 6 0 0 2 2 7 24 31 21 11 16 26 23 17 21 21 14 6 2 1 0 0 -3 
0 0 0 7 0 8 13 8 4 4 4 0 0 0 5 0 3 0 0 6 1 0 0 0 0 0 4 1 1 0 1 8 7 5 6 1 0 4 0 0 8 3 0 5 7 3 2 1 0 0 0 4 2 0 3 7 11 6 5 6 0 6 9 0 1 10 13 12 3 0 13 17 9 11 27 28 6 0 6 0 
0 21 0 0 8 19 23 4 5 1 1 1 0 0 2 0 5 4 18 13 9 0 1 0 0 0 0 3 0 0 3 9 8 0 2 0 0 2 0 0 7 3 0 5 8 6 5 4 0 0 0 4 3 0 3 8 13 10 11 14 8 14 17 4 5 14 17 16 7 1 12 16 8 10 26 28 5 2 9 0 
0 6 0 0 14 2 4 18 14 4 6 0 0 7 0 0 7 11 0 4 3 0 0 1 0 0 0 0 0 4 1 0 0 0 0 3 1 0 7 8 1 0 0 4 5 2 10 17 18 20 17 11 0 0 8 10 3 0 1 4 8 3 4 16 19 15 18 26 22 7 0 9 16 11 6 8 18 31 32 -1 
0 0 0 0 5 13 6 1 0 0 0 0 1 0 0 0 7 11 4 4 0 0 1 0 0 3 0 1 8 12 7 4 0 0 0 4 3 0 8 9 0 0 1 5 6 3 9 15 19 23 17 10 0 0 8 10 3 0 0 3 7 2 3 15 18 14 17 25 21 5 0 9 16 11 6 8 18 31 31 -1 
7 7 0 0 0 6 1 10 6 3 0 0 1 2 0 0 7 9 0 2 0 2 0 0 4 5 7 0 3 7 14 4 0 0 1 7 8 7 12 9 6 2 0 1 5 16 21 19 5 0 0 2 14 17 6 5 7 1 0 0 2 10 14 11 12 16 11 11 23 24 21 26 14 2 4 4 0 0 0 0 
0 6 0 27 51 29 21 8 0 0 0 0 12 5 0 4 12 0 0 0 0 2 0 1 13 19 4 0 1 9 15 10 0 0 1 5 2 2 6 3 3 1 0 1 4 17 18 18 13 1 0 3 17 22 11 8 9 3 0 0 2 10 14 11 12 16 11 11 23 24 25 30 18 6 8 8 2 0 0 0 
24 9 0 9 2 10 0 10 9 6 0 2 9 7 0 0 11 11 0 0 0 2 0 2 0 2 3 0 0 0 2 3 0 1 3 0 0 1 5 5 0 2 2 8 12 2 0 0 0 0 1 0 1 4 4 5 1 1 1 0 0 2 3 13 20 13 8 11 17 22 23 24 16 5 1 0 0 10 17 0 
12 0 0 0 8 0 1 13 7 2 0 5 8 4 0 0 0 4 5 0 0 0 0 0 0 4 8 0 0 0 3 1 0 0 3 0 0 1 5 5 0 2 4 10 13 5 0 3 3 4 7 0 1 5 5 6 3 2 3 0 0 2 3 13 20 13 8 11 17 22 23 24 16 5 1 0 0 11 21 0 
12 10 6 0 11 0 0 12 10 1 0 7 11 0 0 2 9 3 0 0 2 2 0 3 1 1 0 1 0 0 4 0 0 0 3 4 1 0 0 1 0 0 7 13 8 1 1 10 9 6 8 5 0 3 9 6 0 0 0 6 14 6 1 9 13 15 8 11 22 13 11 18 6 0 4 4 0 0 1 -3 
0 12 0 0 0 21 7 5 11 0 0 5 3 1 0 0 2 5 0 0 3 0 0 1 3 1 0 0 0 0 4 4 0 0 5 8 7 6 4 5 4 0 7 13 8 3 4 13 14 11 12 9 1 3 9 5 0 0 1 9 17 8 1 9 14 16 9 12 23 15 13 20 8 0 2 4 0 0 1 -3 
14 10 0 0 2 4 7 0 0 0 3 9 3 2 0 0 1 0 0 0 0 6 0 6 11 0 0 0 0 2 2 1 0 0 0 1 1 2 8 9 12 9 8 9 4 4 1 4 8 5 6 4 3 5 3 3 4 2 4 12 8 0 0 10 20 16 10 7 2 3 8 6 8 3 0 0 0 4 2 -3 
0 0 0 7 1 4 6 10 1 0 0 9 15 2 0 18 11 3 0 0 0 7 8 6 11 19 6 1 0 3 8 3 0 0 0 1 1 2 7 8 11 9 5 6 1 1 0 3 7 4 5 3 2 4 2 2 4 2 4 12 7 0 0 10 20 16 10 7 2 3 8 6 8 5 0 2 0 6 6 -3 
0 0 0 9 2 2 8 10 10 0 0 8 6 0 0 0 0 9 0 0 3 7 5 0 6 6 1 0 0 8 15 16 8 0 6 16 13 3 0 9 20 13 0 3 7 4 2 4 1 0 1 1 0 6 7 2 5 3 0 11 23 19 9 9 8 4 0 10 15 3 10 20 9 0 4 3 0 6 8 -2 
0 14 0 5 0 5 0 2 3 0 0 8 2 0 8 0 0 3 0 2 7 11 8 5 8 5 1 0 0 3 12 12 1 0 4 14 11 1 0 7 18 12 0 3 7 4 4 6 2 1 2 2 0 6 7 1 5 3 0 10 23 20 12 12 12 7 1 11 16 5 12 21 10 1 5 4 0 6 8 -2 
9 9 3 0 0 8 9 4 4 0 3 0 1 0 1 0 3 0 2 16 9 0 5 4 0 0 4 0 1 0 1 8 3 0 0 6 10 6 0 0 0 0 0 7 10 5 3 6 2 1 10 5 1 3 4 15 14 3 1 12 16 9 8 6 4 4 6 8 3 2 2 0 5 3 0 0 4 5 4 -4 
11 5 0 0 1 6 0 0 0 0 4 7 1 0 0 0 6 0 4 12 10 0 3 3 0 1 0 0 0 0 0 7 0 1 0 6 10 8 0 0 0 0 0 7 10 5 3 5 2 1 9 5 1 3 4 15 15 4 0 10 14 7 6 5 0 0 2 2 0 0 0 0 5 4 0 0 6 6 5 -4 
9 9 0 0 19 17 8 16 0 0 5 6 1 0 0 0 0 0 0 5 0 0 0 5 4 0 0 3 1 0 10 0 0 2 0 4 11 3 3 0 0 1 0 0 3 2 0 0 2 3 0 5 9 2 3 7 5 4 0 0 2 7 11 5 0 6 7 0 1 3 4 3 0 1 8 6 0 1 1 -2 
10 14 0 4 11 9 41 2 0 0 3 2 4 0 4 0 0 1 0 4 6 0 0 2 3 0 1 6 0 0 1 0 0 8 0 4 11 4 1 1 0 0 0 0 3 0 0 0 2 3 0 5 9 2 1 5 3 4 0 0 2 7 11 5 0 6 7 0 4 7 8 8 3 4 12 10 2 3 3 -2 
33 13 0 9 27 40 11 14 3 0 5 5 0 0 8 4 0 1 0 0 3 0 0 0 0 0 0 6 6 0 0 0 0 0 0 0 6 3 0 5 0 0 0 0 0 0 0 0 5 14 12 0 2 3 0 9 18 5 0 2 5 13 19 9 0 0 3 5 11 10 2 4 2 7 11 2 1 6 9 -2 
29 12 1 6 14 18 10 1 0 0 0 0 0 0 8 10 2 0 0 0 1 0 1 1 0 0 0 9 17 0 7 0 0 7 0 0 6 2 1 1 0 0 0 1 0 0 1 0 5 13 9 0 2 3 0 9 19 7 0 3 6 14 20 10 0 0 3 7 13 12 4 6 4 7 11 2 1 6 9 -2 
21 27 21 32 14 15 18 10 5 0 0 1 0 0 9 15 5 0 0 3 7 0 0 0 0 0 4 6 0 7 0 1 11 14 0 0 0 0 0 0 0 0 0 0 0 2 0 0 6 1 0 0 1 4 4 9 8 3 0 0 0 3 7 5 0 2 4 3 12 9 1 1 0 0 1 9 10 4 3 -1 
6 11 0 19 29 28 25 1 1 8 0 0 0 0 9 15 7 0 0 10 10 0 0 1 3 0 4 6 0 0 0 0 7 13 3 0 0 0 2 5 3 2 0 0 0 1 0 1 6 3 1 1 0 3 2 7 7 3 0 0 0 3 7 6 0 2 3 3 12 9 1 2 0 0 1 9 10 4 3 -1 
36 36 4 7 13 18 12 5 0 0 0 2 0 5 17 16 5 0 0 0 1 0 2 3 11 9 2 4 8 8 0 0 1 0 0 0 5 6 5 9 10 2 1 9 2 0 0 0 2 4 2 0 3 1 0 7 11 5 5 5 0 1 0 3 8 4 0 5 8 2 17 26 14 2 0 9 19 13 4 0 
5 12 20 13 7 26 19 29 24 5 0 0 0 5 17 16 5 1 0 1 0 0 5 6 14 14 5 5 0 1 0 0 0 0 0 0 2 3 2 7 6 1 2 10 5 0 0 1 3 3 4 0 0 1 0 7 11 5 8 6 0 1 0 4 11 7 0 5 8 2 17 27 14 0 0 9 19 13 5 0 
31 24 7 7 34 15 4 4 4 0 0 0 0 1 11 10 6 4 0 3 5 0 4 7 5 0 1 7 1 1 0 2 8 0 0 0 15 16 10 6 0 0 13 16 3 0 3 10 3 6 2 0 0 2 0 8 17 13 6 0 6 12 9 16 15 3 0 2 4 3 1 2 5 12 7 6 9 5 5 0 
16 30 16 17 46 46 28 11 0 0 0 2 0 1 11 10 6 4 0 4 6 0 4 7 2 1 0 7 6 0 0 6 14 11 0 9 18 21 14 6 0 0 12 12 0 0 7 10 11 7 0 0 1 0 0 8 17 13 8 0 8 14 11 17 16 4 1 3 5 4 2 3 6 13 10 8 10 6 6 0 
59 66 12 15 0 3 4 4 0 0 0 4 0 2 2 1 3 2 0 3 6 4 5 2 0 0 9 11 5 0 1 1 10 19 11 2 0 0 12 12 0 0 1 5 3 0 0 2 6 0 0 3 2 0 0 8 10 2 0 9 17 10 4 2 0 8 13 7 6 8 6 4 4 2 1 13 21 11 2 -6 
8 1 4 4 3 0 2 0 0 0 0 0 0 2 2 1 3 2 0 3 6 6 6 3 0 0 1 6 1 0 2 2 11 20 16 7 0 2 15 12 2 0 0 5 6 3 0 2 4 4 0 0 3 0 0 8 10 2 0 11 19 12 6 4 1 9 14 6 3 5 2 0 0 0 0 12 20 10 1 -7 
20 8 0 7 1 0 3 7 1 1 1 0 7 9 3 6 3 5 5 5 8 5 0 4 6 1 0 0 0 0 1 5 13 13 9 15 6 0 1 1 6 11 12 6 0 5 9 6 0 3 0 0 0 2 0 5 13 13 7 5 13 12 4 4 0 0 4 2 0 6 11 8 4 1 4 7 16 12 2 0 
0 0 0 0 1 1 7 7 7 0 2 0 7 9 3 6 3 3 6 6 9 6 1 3 6 3 0 0 0 0 0 3 9 9 4 9 5 0 1 0 7 16 11 7 0 5 12 7 2 0 0 0 4 6 0 5 13 12 7 5 13 12 3 2 0 0 4 2 0 5 10 7 3 2 5 8 17 13 3 0 
0 21 0 0 0 2 5 14 5 1 0 1 11 16 7 4 5 0 5 6 17 82 103 38 2 0 6 11 6 3 1 1 0 6 12 4 0 7 18 15 5 0 0 2 11 16 7 0 0 2 0 0 3 0 1 3 0 1 5 19 16 4 0 0 7 18 19 9 0 0 4 7 8 3 0 3 7 11 8 -1 
0 21 0 0 0 1 2 9 13 3 0 3 13 18 9 6 7 0 5 6 17 82 105 38 0 0 1 7 7 1 0 3 0 8 14 2 0 9 20 18 8 1 0 5 17 23 12 0 0 0 0 0 5 0 6 5 0 1 5 19 16 4 0 0 7 17 22 8 0 0 4 7 8 4 0 1 5 9 6 -1 
6 12 0 3 0 1 3 13 37 34 7 0 5 6 6 9 6 2 0 0 0 1 8 6 0 0 0 0 0 0 0 0 0 4 3 0 2 0 0 2 1 3 3 8 5 3 6 5 3 1 0 1 0 0 0 0 0 0 8 21 14 2 0 0 0 0 0 9 4 0 0 6 6 2 0 0 0 15 24 -1 
0 6 0 7 10 14 0 2 5 4 6 0 5 6 6 9 7 4 0 0 0 0 10 7 0 5 8 5 2 0 0 0 2 5 1 0 6 4 4 4 3 5 5 9 7 4 8 7 4 0 1 4 0 0 0 5 7 0 8 21 16 2 0 2 2 0 4 14 17 0 0 6 7 3 0 0 0 12 19 -1 
30 31 0 1 20 13 1 0 7 0 0 0 19 22 4 4 4 0 4 4 2 0 0 0 0 0 1 5 6 1 0 2 3 1 0 5 7 1 7 15 9 0 2 5 8 14 8 7 11 6 9 6 0 1 10 8 6 7 10 16 6 1 2 0 1 2 7 9 0 0 1 6 5 1 2 2 8 7 0 -1 
0 21 0 0 0 0 0 5 0 0 0 0 19 22 2 2 0 0 4 4 0 0 0 0 0 3 2 5 6 5 0 2 2 0 1 7 9 3 8 16 12 1 3 6 9 14 7 7 14 11 12 9 0 2 13 11 6 5 8 14 8 2 0 0 6 10 13 14 4 0 3 8 4 1 2 5 12 7 0 -1 
5 11 0 0 0 0 0 0 0 0 0 0 5 1 0 1 0 0 3 6 5 0 0 4 10 10 5 4 1 0 1 1 1 3 0 0 10 16 7 0 2 3 0 0 2 1 6 12 4 3 5 7 0 1 3 1 0 0 1 10 7 3 1 0 1 7 13 7 0 0 1 5 11 10 10 8 7 7 1 -3 
37 28 5 5 13 0 5 9 25 28 0 0 5 2 0 3 3 0 3 6 5 4 3 6 6 1 0 3 0 0 3 3 3 5 0 0 10 16 7 0 2 3 0 0 0 0 5 11 5 3 10 0 0 1 1 0 0 0 2 11 10 3 4 0 0 6 12 8 0 2 3 7 13 14 15 14 14 13 9 -3 
1 32 1 0 0 37 0 49 44 0 0 0 0 2 0 2 1 0 0 7 6 0 9 6 0 0 4 0 0 0 3 2 10 23 22 10 4 5 0 1 7 3 0 0 0 1 0 2 8 17 14 0 0 0 0 0 0 0 7 13 14 14 7 0 6 5 9 15 13 12 7 0 4 19 16 5 8 7 0 0 
0 0 0 0 0 16 52 18 2 0 0 2 2 3 4 5 1 0 0 7 6 0 3 10 5 2 9 8 0 0 3 1 7 19 18 8 2 3 0 0 4 2 0 0 0 2 1 3 11 21 14 0 0 0 0 0 0 1 8 14 15 15 8 6 10 9 13 20 21 20 15 2 6 21 18 9 13 12 5 0 
16 21 0 13 23 0 0 21 12 1 0 4 19 21 0 0 1 0 0 0 1 1 3 0 0 0 0 0 0 4 6 1 0 0 6 12 10 8 6 3 0 0 0 3 5 1 7 7 9 17 2 0 3 2 0 0 1 2 5 6 0 0 2 3 0 0 6 11 13 4 0 15 21 17 15 8 5 4 0 -6 
4 23 9 31 31 31 36 23 25 15 0 0 15 13 0 0 7 0 0 0 0 1 2 2 2 0 0 0 0 4 6 1 0 0 4 10 7 5 6 3 0 0 0 5 9 5 11 9 14 19 9 0 5 4 0 1 3 3 5 6 0 0 2 3 0 0 6 11 13 4 0 15 21 17 15 8 5 4 0 -6 
26 13 3 13 51 49 7 14 4 0 5 0 0 11 19 18 7 2 0 0 0 5 7 0 0 2 4 8 0 1 0 9 9 2 0 1 0 0 3 9 11 4 0 3 13 3 1 18 11 0 0 0 4 6 7 7 4 2 10 22 19 18 16 8 0 8 11 4 5 5 3 0 1 3 0 0 4 9 6 -5 
1 36 1 1 1 0 18 24 29 12 13 0 0 8 14 12 3 4 2 0 0 3 2 1 1 2 8 0 0 1 1 0 1 0 0 1 0 0 3 8 12 6 0 0 6 2 0 16 11 0 0 0 4 4 3 3 0 0 8 20 19 18 16 8 2 10 13 6 7 7 4 0 1 3 1 0 4 9 8 -5 
0 6 0 10 20 2 8 14 2 8 0 0 0 3 11 19 12 17 4 0 0 0 5 1 0 1 1 1 0 1 2 0 0 0 1 1 13 25 14 12 14 8 4 9 4 0 0 4 10 4 0 4 12 9 0 9 14 6 10 7 0 1 6 6 0 5 5 10 14 5 0 0 4 2 1 2 5 4 2 -3 
7 8 7 7 3 12 51 47 30 44 10 0 4 9 2 2 22 1 1 0 0 0 3 11 3 0 0 0 0 1 0 0 0 0 3 3 13 22 11 13 15 9 11 12 4 0 0 3 11 7 0 3 11 8 0 9 14 8 12 9 0 1 6 6 0 5 5 10 14 4 0 0 4 2 0 2 5 4 2 -3 
0 15 9 15 12 21 39 13 6 8 27 0 0 12 6 8 1 1 0 0 6 2 1 5 14 8 0 0 0 2 9 8 6 0 3 3 0 0 0 3 6 2 4 8 6 4 0 0 8 9 0 0 4 3 0 5 6 6 10 19 19 11 10 9 2 9 9 1 3 0 1 16 13 0 0 0 1 6 11 -2 
9 18 0 18 20 0 0 6 20 23 0 0 0 8 5 0 0 6 0 1 6 3 0 0 15 8 0 0 0 2 10 14 4 0 3 1 1 2 0 8 12 0 3 5 5 6 3 0 8 9 0 0 6 7 7 12 13 13 17 26 26 18 17 16 5 13 11 2 1 0 3 18 15 0 0 0 0 5 10 -2 
6 20 10 30 24 17 0 0 35 16 35 0 0 12 12 2 1 7 0 1 3 3 2 0 4 5 0 3 0 0 3 11 1 0 0 0 3 2 0 1 5 2 0 0 0 6 0 0 8 14 20 15 0 1 6 5 0 1 13 15 13 10 4 0 0 8 9 8 10 0 0 0 0 3 4 1 0 0 2 -3 
4 24 0 6 19 38 11 13 27 15 0 0 0 10 13 11 11 1 0 1 2 1 2 6 6 4 1 0 0 0 1 5 2 0 2 3 10 1 0 2 6 2 0 0 0 6 2 0 6 12 18 16 3 3 8 6 0 1 11 14 12 8 4 1 0 8 9 9 11 0 0 0 0 1 3 2 0 0 2 -3 
0 0 0 0 0 13 0 0 0 31 4 0 4 10 13 1 1 1 0 4 0 3 16 9 5 6 7 4 0 1 7 1 0 0 0 5 10 3 0 5 5 5 3 0 2 9 14 0 0 3 2 7 8 4 10 8 0 3 0 1 8 5 0 5 12 6 0 0 0 0 0 10 8 0 4 10 14 10 5 -3 
0 41 0 5 23 33 17 16 3 0 4 0 0 7 2 3 8 11 0 6 0 1 9 4 0 1 2 1 0 1 5 5 0 0 0 8 8 9 0 0 0 1 1 0 1 13 14 5 0 3 2 7 8 4 10 7 1 3 0 0 7 4 0 6 18 12 0 0 0 0 2 13 10 0 4 10 16 14 9 -3 
0 0 0 31 5 4 12 0 0 1 22 8 0 0 15 15 14 8 0 2 15 16 0 0 0 9 13 13 0 5 16 12 5 3 0 0 7 16 2 0 5 9 3 0 2 3 5 5 0 8 27 32 18 6 3 7 7 7 3 0 2 5 0 1 0 0 3 2 0 0 2 10 10 11 15 5 0 3 6 -4 
0 1 0 4 43 20 5 0 15 41 9 10 0 0 1 5 8 4 0 5 7 12 3 0 7 12 34 3 0 4 15 13 9 8 0 5 20 17 12 0 4 9 1 0 1 3 9 6 0 8 27 32 18 5 3 7 7 7 5 0 2 6 5 3 0 0 5 5 1 0 4 13 14 17 20 8 0 3 6 -4 
0 0 0 20 4 0 0 2 16 7 5 0 0 6 0 0 0 0 0 0 3 21 27 27 8 18 9 8 0 0 17 23 6 0 5 13 5 6 5 2 0 2 3 2 1 2 3 1 0 2 7 14 15 9 9 9 5 4 3 0 2 4 3 3 0 0 0 5 10 8 14 17 3 0 4 0 0 5 5 -6 
0 10 0 0 0 0 1 20 0 0 0 0 4 5 0 0 0 0 0 0 2 2 27 1 6 13 19 11 0 0 17 22 3 0 2 7 4 3 3 0 0 2 2 3 1 1 9 3 0 0 5 12 13 8 8 5 3 3 2 0 2 4 3 4 3 0 0 6 12 15 21 24 10 7 11 1 0 3 3 -6 
4 11 0 29 0 0 33 0 2 0 0 0 0 18 21 0 0 6 0 0 0 17 6 2 0 5 0 0 1 0 6 0 0 0 0 0 7 9 0 0 0 8 8 5 0 0 2 0 0 0 5 10 11 9 4 0 2 9 6 0 9 9 6 11 12 11 13 7 1 3 9 16 14 7 11 14 9 4 0 -3 
0 10 0 0 0 0 11 11 14 7 0 5 0 3 23 7 2 0 0 0 0 23 36 5 2 12 0 1 1 0 6 0 0 1 0 3 16 21 8 0 0 4 8 7 3 2 1 0 0 0 1 7 9 7 2 0 3 10 1 0 6 6 3 8 8 10 14 8 2 4 11 18 14 7 10 13 10 3 0 -3 
0 24 0 1 0 11 0 0 11 7 0 7 0 6 3 12 2 0 0 0 4 9 5 2 11 4 0 7 5 0 7 0 0 4 0 7 0 4 8 0 0 0 0 0 2 0 0 6 10 2 0 0 0 2 2 0 6 10 7 0 0 1 6 5 0 9 19 21 18 17 18 17 16 12 3 4 18 14 0 -4 
30 35 0 1 26 0 22 0 13 2 0 0 0 4 9 8 8 0 0 0 5 4 10 2 12 3 0 8 1 1 2 0 0 0 0 10 11 5 0 0 3 0 0 0 0 0 0 1 6 7 0 1 0 2 0 0 6 10 9 3 0 0 2 1 0 9 20 22 19 15 15 14 13 9 0 1 18 14 1 -3 
2 11 0 6 36 83 0 55 69 6 0 0 0 0 11 9 0 4 0 1 0 7 10 6 7 6 0 0 3 1 3 3 0 9 13 13 16 2 0 0 1 2 0 3 16 9 0 19 10 3 0 2 4 0 5 9 4 0 8 13 6 1 0 0 4 13 13 5 2 0 0 7 7 8 23 27 11 7 13 0 
0 21 0 0 7 30 15 0 6 0 0 23 0 13 0 0 0 0 0 1 0 6 7 6 14 0 0 3 4 0 6 9 0 8 18 17 0 3 0 0 3 7 0 5 14 9 8 24 35 6 0 2 2 0 5 13 8 0 8 15 12 5 0 0 6 15 15 7 2 0 0 7 7 7 22 26 10 7 12 0 
5 19 0 12 0 18 52 0 15 12 30 7 0 8 9 4 0 0 0 0 0 2 2 0 2 3 0 7 0 0 3 0 3 5 0 7 4 0 0 0 2 2 0 4 7 0 0 4 4 0 0 5 4 6 3 0 13 10 4 6 5 3 1 0 0 2 5 3 0 0 1 0 0 0 1 4 5 5 0 0 
0 5 0 0 0 19 36 55 12 16 0 0 0 3 8 0 0 0 4 9 7 22 10 12 30 11 0 3 10 0 2 0 5 11 2 0 0 0 1 0 2 0 0 5 4 0 2 8 2 0 4 5 4 9 4 0 13 10 4 4 4 6 0 0 0 2 1 2 0 0 2 0 0 0 1 2 3 3 0 0 
11 11 0 4 16 0 25 16 17 11 0 0 0 3 5 1 0 1 1 0 0 1 3 6 0 8 0 0 2 0 1 0 4 0 4 1 0 0 7 0 0 2 6 2 0 0 0 8 4 0 0 4 5 10 15 15 18 15 5 0 0 5 1 0 9 4 0 3 0 0 0 0 3 7 5 0 0 2 9 -1 
12 38 0 0 0 14 6 47 45 0 0 0 0 0 1 0 0 0 0 0 0 5 7 0 0 10 1 0 7 6 0 0 5 1 4 11 4 8 16 13 0 3 8 7 2 4 7 0 1 0 0 3 4 10 16 17 19 15 4 0 1 11 12 12 20 7 0 0 0 0 0 0 0 9 4 0 0 2 12 -1 
0 0 28 20 0 4 0 0 19 11 0 0 1 0 2 12 16 10 7 9 11 2 2 6 7 0 5 0 5 0 0 0 4 8 12 7 0 0 0 0 3 15 0 2 6 10 10 9 1 0 3 6 3 2 3 3 16 18 1 1 13 9 11 19 18 10 0 0 0 1 4 1 0 0 0 1 8 9 14 -2 
30 25 0 32 66 52 42 30 13 15 2 9 7 0 4 17 23 15 2 2 8 9 6 2 0 12 4 0 3 4 0 0 6 10 14 9 2 9 8 6 15 15 0 2 9 0 0 7 0 0 3 6 3 2 4 4 18 21 5 8 20 16 16 24 23 13 2 0 0 4 13 11 5 5 0 4 11 12 17 -2 
