0 0 0 0 0 0 0 0 0 0 0 0 0 0 0 0 0 0 0 0 0 0 0 0 0 0 0 0 0 0 0 0 0 0 0 0 0 0 0 0 
66 41 75 82 80 66 49 29 42 40 13 36 58 60 56 58 50 54 46 38 38 44 46 38 46 50 36 36 56 58 10 32 43 25 36 32 36 50 39 18 
63 31 66 117 41 69 67 46 40 60 31 44 65 75 64 63 52 46 43 49 51 49 52 42 39 49 43 40 51 51 19 39 34 25 30 36 51 55 60 27 
60 28 56 120 40 56 58 68 48 59 49 52 72 90 72 68 63 48 40 60 64 54 58 46 32 48 50 44 46 44 21 53 40 28 18 40 66 60 60 36 
47 14 57 96 34 48 45 45 54 51 37 40 63 77 62 60 69 65 48 60 53 46 41 43 40 55 45 38 53 55 6 54 63 44 18 37 53 58 48 32 
34 0 54 68 24 29 38 24 40 50 36 23 54 64 52 52 56 72 56 62 54 42 36 27 48 62 41 32 60 66 1 34 83 54 32 34 40 56 45 28 
38 5 60 70 40 25 46 39 50 54 29 6 40 58 51 49 51 54 41 52 68 43 39 33 43 60 49 36 57 59 2 40 77 42 37 32 40 53 39 25 
42 14 60 72 41 32 54 54 64 50 43 0 26 52 50 46 46 38 26 36 62 50 32 40 38 58 58 40 54 49 0 46 75 42 39 30 40 50 36 22 
37 5 64 57 36 31 41 32 45 46 46 3 26 56 55 46 44 36 23 31 44 58 37 37 41 54 58 59 68 54 0 38 83 62 29 33 47 49 36 24 
32 0 14 71 46 30 30 24 26 36 42 0 26 60 60 46 42 34 20 26 38 48 44 34 44 50 58 78 82 50 6 46 85 79 24 33 57 48 30 26 
43 10 0 62 62 41 25 28 31 44 53 7 33 56 53 49 50 37 26 25 35 43 39 38 42 46 38 44 57 10 1 33 82 102 54 14 49 71 42 30 
54 18 14 44 52 52 40 26 36 44 64 10 40 52 46 52 58 40 36 24 32 38 34 42 40 42 32 8 25 0 0 20 50 92 89 30 40 66 58 34 
49 6 22 50 35 36 50 31 36 40 68 0 33 58 56 50 51 43 46 27 34 38 31 41 34 34 48 25 0 12 14 31 62 66 65 43 48 38 40 25 
44 3 7 51 42 25 41 29 36 36 69 10 26 64 66 48 44 46 44 32 36 38 28 40 34 26 46 44 3 0 17 42 74 76 48 28 60 48 20 16 
38 27 0 29 57 41 39 24 32 34 57 10 29 53 47 50 53 46 48 24 20 32 33 43 43 38 35 42 28 0 0 30 57 79 81 0 48 78 48 29 
32 44 11 12 44 58 48 22 28 32 53 0 32 42 28 52 62 46 52 27 8 22 38 46 42 47 20 34 60 7 0 18 40 81 85 8 20 64 72 42 
31 41 18 14 44 43 48 26 26 24 55 5 29 50 40 45 45 47 55 35 23 24 24 37 28 11 10 12 33 30 9 22 43 72 49 40 37 44 48 40 
30 31 0 16 44 25 40 30 31 16 48 14 26 58 52 38 28 48 58 32 34 36 18 28 22 0 0 0 0 8 11 26 46 63 33 39 54 48 41 38 
24 44 13 22 19 7 29 33 50 16 39 11 25 56 48 47 39 39 49 34 28 29 27 29 28 18 10 22 14 0 0 21 34 60 41 19 46 56 53 32 
18 40 18 28 15 0 12 36 48 31 35 0 24 54 44 56 50 30 40 36 22 22 34 30 30 25 11 32 41 15 0 16 22 57 35 13 38 60 51 26 
9 36 16 26 38 9 9 35 43 32 45 0 14 50 43 42 41 35 47 35 19 25 30 39 46 33 21 29 29 16 14 30 40 41 21 24 49 64 33 25 
0 24 14 24 56 16 6 34 38 40 46 13 4 46 42 28 32 40 54 20 20 27 26 48 62 41 28 30 12 4 25 44 58 46 21 20 60 68 30 24 
28 7 17 31 40 15 15 29 34 35 54 31 18 48 36 24 21 20 36 38 34 26 23 34 46 52 29 20 12 0 7 29 43 50 41 14 45 61 37 19 
56 26 20 38 21 15 28 24 30 30 46 47 32 50 35 29 30 16 18 38 33 27 31 22 30 58 31 14 20 0 0 14 28 47 36 10 30 54 44 14 
39 38 28 42 26 12 25 30 33 40 44 29 29 46 25 24 40 42 44 31 11 27 37 35 40 50 34 19 17 6 17 27 45 43 19 12 33 54 28 8 
22 34 36 46 37 25 18 36 36 50 42 19 26 42 20 16 38 52 70 37 10 22 34 46 50 42 37 22 12 0 20 40 62 51 24 12 36 54 18 2 
30 18 28 42 23 44 21 13 25 35 37 36 24 44 38 23 33 10 35 38 42 27 16 23 35 45 50 15 7 0 2 22 42 65 62 29 36 46 35 20 
38 9 20 38 4 41 34 12 14 20 26 31 22 46 46 32 37 10 2 18 44 34 24 2 20 48 58 13 0 0 0 4 22 54 58 52 40 38 48 38 
30 16 14 29 0 31 37 29 24 33 26 9 14 33 32 34 43 21 23 30 30 35 32 15 23 42 49 14 14 0 0 15 39 52 38 34 38 48 50 32 
22 24 12 15 2 22 30 32 34 48 38 10 6 20 18 36 36 7 42 43 19 36 40 28 26 36 40 20 24 0 1 26 56 50 18 22 40 58 52 26 
24 16 17 19 0 23 41 27 34 41 38 35 16 38 43 42 23 0 27 46 44 38 28 25 30 38 42 24 42 0 0 17 31 31 16 23 41 56 45 29 
26 8 18 20 0 24 52 26 34 36 28 44 26 56 68 48 29 7 12 48 60 36 25 20 34 40 44 31 24 34 0 10 6 12 14 24 42 54 38 32 
25 23 24 19 1 26 47 26 35 41 36 30 23 48 52 50 39 15 25 35 16 37 39 27 29 33 35 27 36 8 8 15 27 23 2 22 46 60 47 32 
24 33 30 32 0 28 42 26 36 46 44 29 20 40 36 52 38 17 38 31 0 18 36 38 28 26 26 26 31 16 0 18 48 28 0 20 50 66 56 32 
24 15 19 35 10 26 38 30 36 43 35 26 18 41 42 45 31 29 44 58 24 14 31 43 46 36 41 33 38 46 12 28 33 24 21 26 45 56 41 27 
24 8 8 21 6 25 34 34 36 40 34 26 16 42 29 32 35 34 50 78 45 30 30 42 52 46 56 43 36 72 25 37 26 27 34 32 40 46 35 22 
28 29 2 0 1 18 29 28 27 29 46 37 22 26 5 24 24 21 27 46 40 37 27 36 45 25 37 43 51 78 32 31 23 23 17 31 51 49 41 16 
32 47 10 0 0 8 24 22 18 18 34 44 28 19 4 22 13 9 8 9 25 35 24 30 38 16 18 50 52 64 40 38 26 30 0 30 62 52 32 10 
27 34 8 11 9 1 17 28 12 1 14 23 23 5 4 26 34 19 9 7 10 30 33 37 46 16 11 38 41 41 27 42 39 46 19 35 46 39 20 10 
22 32 0 11 22 4 10 34 9 0 0 4 8 0 0 10 44 32 18 20 6 8 42 44 54 21 4 26 33 28 12 32 41 47 38 40 34 38 19 10 
12 18 4 0 14 10 16 36 17 14 12 7 12 6 7 0 24 34 24 26 26 0 22 28 42 32 10 26 9 19 21 32 28 50 33 30 47 53 37 24 
2 8 0 0 0 6 22 38 11 24 27 22 11 14 12 10 12 27 28 20 37 15 10 12 30 21 21 24 6 0 30 32 22 42 35 20 48 55 48 38 
9 15 0 7 0 0 13 7 8 14 12 20 6 0 3 8 6 15 26 29 12 17 26 19 19 3 21 30 17 3 6 20 24 34 41 32 38 32 36 31 
16 26 5 0 12 0 0 0 0 0 0 4 0 0 0 0 0 3 12 35 4 6 34 26 14 0 6 28 18 22 0 6 26 26 34 44 28 31 16 24 
11 22 3 0 15 0 0 0 1 0 4 2 14 6 11 7 0 0 9 27 21 23 35 21 8 13 0 18 8 37 11 0 14 35 40 34 33 33 25 28 
6 8 0 0 40 0 0 0 0 0 0 8 23 0 25 13 11 6 6 12 22 40 36 21 13 23 6 8 10 37 24 0 2 44 46 24 38 32 30 32 
4 3 0 17 19 18 16 0 4 0 0 3 23 0 19 13 14 17 19 12 5 27 35 24 6 23 19 33 20 25 14 16 25 39 31 23 27 12 24 37 
2 0 0 8 0 31 24 0 0 25 0 0 40 3 0 9 4 17 31 25 6 14 34 21 6 8 20 58 26 28 4 16 48 34 16 22 24 0 18 42 
27 23 2 0 0 37 25 7 9 3 11 3 34 12 8 39 0 0 14 25 18 3 19 15 18 15 18 36 19 62 12 25 49 39 30 31 31 13 0 21 
52 56 29 6 3 37 26 20 0 0 8 4 28 19 31 50 3 0 2 10 23 4 4 2 12 26 18 14 24 64 28 34 50 42 44 40 39 35 11 0 
46 54 38 16 15 41 25 48 14 23 14 5 42 2 28 36 1 12 0 5 24 25 22 7 14 7 7 13 16 30 33 17 34 25 29 29 55 34 32 13 
40 49 33 7 29 46 26 56 34 26 37 12 49 0 17 26 6 20 4 2 16 34 40 17 16 8 0 12 7 8 32 0 18 8 14 18 56 28 36 26 
47 54 37 0 21 34 0 37 33 17 21 12 44 2 28 43 21 12 10 0 8 19 18 5 11 9 0 6 6 8 35 3 8 8 17 34 50 28 14 16 
54 69 44 11 25 23 0 1 11 18 12 0 40 1 41 56 43 8 4 1 0 0 0 0 6 4 0 0 5 8 26 14 4 4 20 50 44 28 6 6 
43 68 52 18 22 26 0 4 0 45 49 8 50 0 25 34 54 28 10 6 8 5 0 0 5 7 5 2 0 7 17 20 10 11 15 30 32 24 16 13 
32 50 58 22 34 29 0 16 6 27 83 22 59 25 25 14 44 43 22 6 6 18 13 3 0 11 5 11 0 10 14 6 10 18 13 10 20 20 26 20 
27 8 50 20 39 34 0 23 37 20 11 16 48 23 70 19 48 52 39 14 0 11 16 22 0 0 2 13 14 9 32 8 13 22 29 23 33 27 25 39 
22 22 8 26 38 31 2 23 54 17 6 0 28 35 58 62 58 48 50 25 9 2 13 7 22 0 0 2 15 8 56 10 16 26 42 36 46 34 24 58 
22 20 0 10 46 22 0 30 42 22 31 3 34 54 75 37 30 22 44 28 14 19 12 2 7 1 9 0 0 4 34 4 11 37 38 27 51 51 34 45 
22 20 8 0 18 17 0 26 30 30 35 20 40 65 59 28 19 17 31 28 18 4 19 0 0 0 0 12 0 0 11 0 6 48 34 18 56 68 44 32 
39 30 19 8 4 10 0 31 33 7 15 20 29 48 60 33 7 14 14 23 12 22 17 2 13 13 0 22 12 0 5 11 16 52 46 30 46 39 19 17 
56 52 30 23 1 0 0 31 36 0 0 4 20 28 56 40 4 4 4 12 4 20 6 16 30 5 7 24 33 13 5 12 26 56 58 42 36 16 6 2 
36 39 23 26 7 0 0 11 16 0 22 10 26 36 50 21 0 8 18 16 8 26 17 50 55 27 5 0 18 15 17 17 27 52 42 23 34 25 12 13 
16 0 0 12 18 0 0 0 0 0 5 22 31 44 44 28 0 12 35 15 6 30 72 59 51 42 31 0 0 0 16 22 28 48 30 4 32 36 10 24 
25 17 0 0 12 7 0 0 0 0 0 29 32 38 56 58 27 34 32 32 29 38 17 32 52 51 38 25 13 0 2 11 16 30 31 9 26 36 18 22 
34 44 1 10 0 0 8 0 12 0 0 32 40 32 68 53 48 34 42 50 52 50 2 10 48 56 43 27 23 24 0 4 4 12 18 14 20 32 23 20 
44 27 2 19 23 17 36 3 0 0 0 32 54 58 49 30 40 34 45 42 42 40 0 4 20 21 38 29 28 26 13 2 4 18 16 11 7 14 19 18 
54 56 2 40 15 22 34 6 22 8 4 40 68 78 30 24 40 32 48 36 32 38 9 0 0 0 3 26 28 15 23 8 4 24 11 7 6 0 12 16 
53 74 24 48 4 22 28 0 18 3 11 60 75 83 43 25 44 38 51 46 41 37 34 36 30 10 5 20 40 20 24 23 25 29 10 12 17 9 0 11 
52 86 46 61 20 22 37 0 0 0 0 63 90 89 57 34 47 44 54 54 54 42 38 51 52 37 34 20 56 22 17 24 46 34 22 16 22 27 4 6 
66 103 56 68 53 34 49 0 0 0 0 47 90 95 51 40 43 27 32 56 34 41 31 17 29 28 33 18 40 19 11 9 23 24 30 14 18 21 22 10 
80 124 66 77 84 46 51 9 0 0 20 46 80 106 49 43 55 12 15 43 23 38 32 0 6 19 8 20 24 7 4 0 0 12 22 15 21 4 25 14 
66 127 65 64 96 50 62 13 0 0 8 42 59 75 55 53 50 19 27 30 39 32 36 0 4 16 10 14 16 8 11 3 3 6 21 21 40 15 29 27 
52 117 68 60 92 54 83 4 2 4 13 39 45 52 57 56 40 24 24 35 43 24 40 12 4 16 12 12 8 0 16 7 8 0 22 30 42 28 38 40 
43 100 75 79 97 57 63 0 0 0 15 38 42 49 49 75 50 22 28 40 44 38 42 22 21 37 35 23 19 0 20 7 14 3 10 17 27 17 22 23 
34 75 74 78 108 60 72 7 0 0 4 24 36 56 24 76 72 22 32 43 44 49 44 19 38 56 53 45 35 0 25 18 17 13 6 4 12 6 5 6 
35 55 52 68 102 54 74 0 0 21 10 32 54 32 35 56 31 22 23 40 42 46 58 29 44 57 34 38 48 5 14 30 29 20 14 10 23 23 0 4 
36 46 40 49 92 48 61 2 3 31 12 40 56 50 40 16 12 19 13 28 40 33 56 42 50 60 47 20 41 22 11 27 41 31 19 16 34 46 4 2 
50 63 44 90 53 37 52 4 8 38 24 26 56 48 30 30 27 9 3 17 22 24 41 46 62 80 72 35 36 20 9 19 34 48 36 29 39 42 26 19 
64 80 89 97 47 26 45 5 8 32 36 16 47 44 20 42 32 17 0 4 3 22 32 50 74 68 83 50 47 36 11 12 18 36 48 43 51 46 33 36 
62 70 83 101 58 17 34 0 13 30 46 24 36 38 20 27 32 28 18 16 14 27 41 58 71 67 53 37 43 44 26 9 7 18 29 24 43 56 28 31 
60 64 75 104 12 6 15 0 8 28 56 32 20 32 20 20 20 23 28 29 26 32 50 66 68 66 57 36 36 32 33 15 12 0 12 6 40 38 33 26 
55 68 78 107 30 4 17 5 17 17 56 54 20 37 46 15 18 22 22 29 31 30 42 43 45 47 40 52 52 36 30 17 19 6 16 19 58 49 27 28 
50 75 64 112 20 0 8 4 28 16 45 84 20 32 72 18 17 26 16 30 36 28 34 20 22 28 26 40 85 52 28 17 18 12 18 32 76 60 32 30 
42 80 74 108 50 1 5 0 24 22 50 74 39 32 68 33 20 30 27 37 28 23 32 30 22 26 36 39 77 74 36 26 31 30 8 23 64 60 35 22 
34 72 71 104 80 15 7 2 18 28 56 55 47 38 71 42 26 34 38 44 28 18 30 34 25 24 46 38 60 96 44 26 36 48 30 14 52 60 38 14 
23 68 34 112 90 35 19 10 23 35 29 44 46 56 74 43 20 34 39 51 51 35 42 41 39 49 51 31 51 90 60 39 33 40 34 20 51 47 26 17 
12 2 20 88 100 48 36 25 28 45 28 23 36 82 84 40 14 34 40 58 66 52 54 48 50 74 56 24 57 62 63 56 40 32 37 26 50 38 24 20 
33 0 0 66 40 8 20 21 20 44 64 25 35 67 72 64 29 44 45 56 49 39 55 52 43 63 52 31 53 33 43 48 60 43 39 23 37 42 40 24 
54 0 13 56 32 0 3 4 12 40 56 41 35 55 60 69 44 54 50 54 47 26 56 56 36 52 48 38 71 28 16 28 50 55 57 26 24 38 44 28 
43 0 0 37 38 1 6 6 25 59 56 32 53 63 68 62 42 44 44 58 69 37 52 55 44 62 51 34 62 48 20 51 63 54 53 37 37 51 39 36 
32 0 0 24 44 0 2 10 38 78 56 26 72 90 64 45 45 35 38 62 70 48 48 54 52 77 96 0 40 56 30 74 76 54 53 40 50 64 42 44 
37 7 0 22 36 4 16 34 40 61 57 40 78 83 54 50 14 21 24 37 45 34 51 47 40 70 104 28 27 38 19 61 74 70 67 65 68 66 42 40 
42 24 0 20 28 4 30 58 42 44 58 54 84 76 44 51 3 14 12 12 20 20 54 40 28 60 79 63 56 16 8 48 72 86 86 84 86 68 42 36 
34 36 10 36 30 0 17 45 41 48 50 15 53 46 34 48 28 22 22 14 15 30 61 50 35 57 57 66 76 48 28 71 89 79 79 84 88 70 38 39 
26 38 11 30 59 12 4 32 40 52 20 0 24 22 24 40 30 25 35 26 10 40 68 60 42 54 52 41 76 70 48 94 106 72 72 84 90 72 46 42 
23 39 9 17 67 18 9 32 36 41 0 0 12 16 37 36 19 23 39 40 15 26 70 68 44 59 57 46 60 71 45 80 92 76 70 69 83 66 64 52 
20 44 8 28 70 10 10 32 32 35 0 0 6 4 50 32 8 22 32 42 26 12 72 76 46 64 62 60 72 54 42 66 78 80 68 54 76 60 50 62 
12 13 16 16 33 22 0 17 32 36 3 0 8 4 28 26 5 17 17 19 33 41 86 76 52 65 68 69 79 63 54 68 63 44 36 31 52 55 43 59 
4 0 16 4 12 17 4 1 32 30 3 0 8 4 6 20 2 12 2 8 22 70 100 76 58 66 74 78 86 72 66 70 48 22 8 8 28 50 40 56 
2 6 23 10 7 16 11 0 4 14 13 4 9 16 11 29 39 39 35 49 61 88 103 86 76 82 83 82 91 72 66 75 65 44 30 17 36 49 31 36 
0 22 18 18 4 16 15 7 0 0 0 0 0 28 16 38 76 66 68 90 100 106 106 96 94 98 92 86 96 72 66 80 82 70 40 26 44 48 28 16 
21 30 37 31 14 21 25 35 23 7 25 2 0 16 25 50 65 60 79 95 94 99 97 94 102 112 104 95 102 80 70 79 72 64 47 25 30 41 34 31 
42 48 48 55 33 26 43 54 31 14 41 37 11 4 34 62 54 54 90 100 88 92 88 92 110 126 116 104 108 88 74 78 62 58 54 24 16 34 40 46 
44 43 49 66 45 36 45 49 43 41 45 36 8 7 23 57 74 64 75 90 86 89 80 82 98 103 94 100 104 84 74 74 68 54 40 23 30 52 43 45 
46 38 49 69 48 46 48 43 56 52 50 58 12 12 12 52 94 74 60 80 84 86 72 72 86 80 72 96 100 80 74 70 74 50 26 22 44 70 46 44 
30 22 38 70 41 44 57 56 57 48 49 73 28 0 7 26 63 71 75 86 74 65 53 61 83 86 86 99 105 81 72 70 63 47 29 22 37 65 56 46 
14 5 28 46 34 42 66 69 58 51 47 72 48 0 4 0 32 68 90 92 64 41 29 50 80 92 100 102 110 82 70 70 52 40 28 22 30 60 66 48 
18 0 17 28 30 35 46 65 52 53 40 83 42 14 9 18 53 61 72 77 56 0 19 35 60 68 85 106 105 75 70 70 54 42 33 29 45 71 57 36 
22 10 2 18 32 28 26 50 46 49 36 86 36 22 12 36 74 54 54 62 20 9 20 20 40 44 70 110 100 68 70 70 56 37 23 34 60 82 48 24 
25 22 0 10 25 18 16 39 25 40 18 69 32 27 18 36 66 57 24 49 7 7 23 21 34 44 60 93 92 65 63 54 35 35 16 30 47 74 63 33 
28 35 10 0 13 12 14 24 8 32 0 40 28 24 24 36 58 51 4 40 20 3 9 22 28 44 50 76 84 62 56 38 14 25 14 26 34 66 78 42 
29 34 26 4 0 10 20 24 8 46 13 41 22 21 10 24 50 12 3 30 32 34 10 19 27 35 43 66 69 45 46 50 32 10 3 13 28 59 61 37 
30 36 34 19 1 2 19 22 8 40 31 60 16 25 4 12 24 0 0 16 12 49 31 20 26 26 36 56 54 28 36 62 50 18 0 0 22 52 44 32 
16 16 44 14 12 0 7 16 10 39 34 54 33 49 35 29 30 0 17 30 0 28 46 37 25 33 41 63 60 34 45 56 45 51 34 13 19 34 36 27 
2 43 26 16 20 0 2 8 6 38 53 26 32 64 56 49 55 18 12 52 26 5 38 50 27 40 46 70 66 40 54 50 40 56 61 40 34 22 28 22 
11 26 25 36 41 3 4 15 0 28 37 13 32 55 19 38 54 28 4 38 50 23 17 35 38 38 38 60 65 45 47 50 45 47 33 31 41 34 34 28 
20 27 8 40 56 21 3 17 2 18 24 5 32 40 0 20 46 38 14 19 34 48 24 20 48 36 30 50 64 50 40 50 50 41 24 8 30 40 40 34 
10 32 0 24 40 31 0 9 3 12 6 0 20 22 0 0 18 29 15 14 29 33 33 24 26 24 26 42 55 35 31 41 42 44 61 30 46 53 43 28 
0 28 4 4 20 29 8 5 1 0 4 0 8 1 0 0 0 11 0 8 28 18 32 28 7 12 22 34 46 20 22 32 34 50 56 52 62 66 47 22 
14 34 25 26 40 2 16 17 6 0 4 12 0 0 0 0 1 14 10 10 22 26 19 15 12 17 15 24 24 18 10 16 26 43 42 38 57 61 43 29 
28 27 31 48 68 14 4 20 13 4 11 26 0 0 0 0 0 8 20 12 16 34 14 2 16 22 8 16 2 16 8 0 18 36 28 24 52 56 40 36 
34 26 12 30 64 46 11 5 12 7 15 42 10 6 0 6 0 5 13 10 10 24 17 9 13 22 23 27 8 14 10 11 17 29 27 32 55 63 46 27 
40 45 10 0 46 50 34 12 6 13 12 39 16 45 5 0 1 2 6 8 4 14 20 16 10 22 38 38 14 12 10 22 16 22 26 40 58 70 52 18 
29 60 35 31 25 18 40 28 8 24 29 31 0 53 29 8 7 6 15 4 9 5 11 8 9 11 30 30 12 11 12 11 10 19 14 32 37 46 39 27 
18 54 41 50 40 6 30 36 16 24 30 33 21 68 24 11 14 10 24 4 14 4 6 0 7 0 22 22 10 10 14 2 4 10 0 24 16 22 26 36 
14 41 27 51 62 10 26 23 25 15 14 16 36 54 12 20 12 21 37 25 18 15 17 15 8 5 22 17 11 7 17 13 8 1 0 21 14 32 31 23 
10 38 13 48 60 26 25 13 26 17 6 9 44 40 0 18 4 32 50 42 22 18 24 30 18 10 22 12 15 4 20 22 11 0 0 18 12 42 36 10 
23 41 15 49 45 37 42 27 24 17 0 21 36 32 5 16 7 28 46 38 24 24 27 21 16 16 17 14 29 18 27 27 15 8 0 17 15 19 19 13 
36 55 37 50 37 37 50 54 36 23 5 28 20 24 8 11 10 24 42 27 26 30 30 13 16 22 14 16 34 32 34 27 18 26 7 16 18 10 2 16 
18 45 40 45 34 26 42 49 50 35 18 20 20 31 24 18 14 34 40 0 20 27 42 34 28 31 20 24 27 19 33 22 19 36 13 11 19 23 7 19 
0 59 0 35 36 21 34 38 55 49 32 12 19 19 34 34 14 44 37 7 10 24 40 40 40 40 30 32 26 12 32 23 20 34 27 6 20 25 12 22 
23 47 0 28 44 23 32 47 37 68 38 14 26 24 16 8 0 17 22 15 9 19 42 31 24 27 22 29 24 3 21 27 19 29 39 17 34 37 17 25 
46 78 12 21 42 24 30 44 47 68 44 16 32 16 10 0 0 0 0 3 8 14 44 22 8 14 20 23 14 7 10 17 18 24 34 28 48 52 24 28 
31 79 34 14 29 24 29 40 41 81 69 10 34 46 11 1 0 5 1 3 7 16 33 16 19 27 18 0 9 16 15 4 13 22 26 28 49 46 31 40 
16 62 50 29 23 8 28 36 36 66 82 28 23 55 37 12 4 7 0 0 7 18 22 10 30 40 16 0 0 8 21 5 8 20 26 28 50 40 32 52 
28 44 41 38 44 13 32 34 29 46 88 36 11 58 55 21 7 17 1 1 0 13 23 12 21 32 26 17 7 0 18 9 13 18 27 23 43 48 34 48 
40 16 0 15 49 22 36 32 22 48 79 0 8 58 63 26 20 18 14 6 0 8 24 14 12 24 34 27 9 0 18 4 18 16 28 18 36 56 36 44 
30 51 17 14 30 18 34 36 29 48 61 3 17 50 60 29 24 16 15 7 6 9 29 28 23 26 37 33 0 0 24 4 18 16 28 30 44 45 25 30 
20 33 42 28 30 14 32 31 36 52 43 10 22 53 44 24 34 25 20 9 8 10 30 36 25 28 40 38 10 3 26 6 18 16 28 42 52 34 14 16 
28 44 24 28 32 16 40 3 18 23 18 25 33 56 60 22 15 26 26 19 7 2 1 15 17 16 17 24 23 8 19 12 16 19 31 33 47 41 26 27 
36 50 15 20 25 18 47 0 0 0 0 13 28 88 60 16 16 12 10 29 12 0 0 0 0 0 2 6 23 7 5 18 8 22 34 24 42 48 38 38 
27 44 38 47 25 13 36 41 1 0 10 15 48 59 48 18 30 6 4 20 14 0 0 12 0 0 0 0 16 18 16 6 8 15 30 26 43 51 36 37 
18 24 32 51 49 24 24 37 15 10 22 34 48 52 40 32 32 10 0 10 14 0 0 18 0 9 0 0 0 14 28 2 9 12 26 28 44 54 34 36 
29 39 23 29 42 30 30 18 7 0 4 41 54 52 38 29 25 20 4 3 23 0 0 27 8 21 0 14 2 11 22 0 0 5 19 19 34 47 29 28 
40 60 45 46 8 20 36 4 0 0 0 28 60 52 36 32 16 18 15 0 24 8 0 15 31 20 2 23 15 10 20 2 0 0 12 10 24 40 24 20 
35 50 51 70 26 29 41 20 0 0 5 51 80 64 10 22 32 23 21 0 5 14 4 2 30 16 0 16 6 6 16 14 10 5 20 24 41 48 22 23 
30 43 27 72 46 38 46 23 7 2 17 71 97 76 4 6 32 27 32 16 5 4 0 7 21 20 0 0 0 0 8 22 8 9 28 38 58 56 20 26 
31 44 29 56 43 31 42 18 0 0 6 54 98 84 41 15 23 18 32 15 25 13 4 11 18 26 5 0 12 14 0 4 6 10 12 24 42 63 37 30 
32 39 40 58 43 19 38 14 0 0 0 25 82 90 62 44 42 11 35 4 24 22 32 8 8 32 0 4 15 31 17 0 0 8 4 6 26 70 46 34 
27 28 22 58 56 4 30 28 0 19 13 22 51 92 59 54 72 27 39 20 5 10 23 44 19 26 0 0 0 19 26 3 2 6 11 0 6 38 26 29 
22 26 4 35 68 3 22 25 7 16 22 32 35 90 55 57 80 55 47 35 12 2 2 38 48 30 8 9 0 0 20 0 4 5 12 6 0 6 6 24 
30 38 14 28 60 17 31 3 0 10 17 33 41 79 62 86 73 40 52 39 18 18 4 13 45 30 0 4 8 3 15 11 1 11 19 13 1 10 0 15 
38 37 24 30 52 18 40 9 0 7 5 22 48 58 73 116 76 24 53 46 12 27 12 17 36 24 0 0 1 0 9 16 8 9 24 16 7 18 5 6 
29 40 16 31 55 2 31 6 0 5 3 6 31 47 71 100 74 45 50 54 21 12 11 12 42 26 0 5 0 0 0 0 13 2 10 9 5 13 15 4 
20 32 0 32 58 0 18 0 0 0 0 0 14 63 42 60 70 56 54 60 36 24 0 0 45 26 0 12 0 0 0 0 0 0 0 0 0 2 16 2 
29 18 5 31 68 10 7 9 1 19 4 10 19 54 44 51 71 63 66 60 37 38 7 3 44 48 10 34 17 0 0 10 6 0 4 3 2 8 21 6 
38 24 15 33 68 31 0 6 2 30 18 21 39 36 44 56 79 67 82 60 28 44 21 7 41 52 14 39 43 23 11 11 12 0 8 9 2 14 30 10 
39 37 2 29 75 48 7 0 0 27 28 19 34 50 57 41 55 68 66 50 28 50 25 14 52 64 18 45 30 0 14 7 12 0 11 17 4 13 24 8 
40 61 0 26 80 37 20 10 1 25 40 18 20 65 68 52 46 33 44 40 22 53 28 14 57 72 5 52 35 0 19 0 4 0 17 23 11 12 18 6 
34 69 20 27 70 20 6 0 0 13 40 36 43 65 58 44 54 58 14 26 24 56 38 25 34 59 9 32 22 7 34 8 0 1 13 16 11 14 13 10 
28 59 34 28 64 27 0 0 0 5 4 29 75 76 48 36 40 64 32 12 20 44 55 15 26 66 13 2 23 2 29 23 7 0 10 15 6 18 9 14 
41 53 32 27 72 26 15 3 1 7 2 18 64 68 44 36 48 58 42 42 42 48 26 0 12 44 20 0 32 8 11 13 13 1 6 11 2 10 14 10 
54 78 42 26 72 24 25 9 0 12 10 16 32 60 40 36 51 48 52 72 57 28 27 0 24 12 4 26 29 0 6 1 12 5 4 4 2 0 12 6 
48 83 37 32 82 35 29 8 0 14 17 24 46 66 52 39 19 54 52 70 56 35 34 8 51 40 8 37 24 0 7 0 6 12 8 7 0 2 15 6 
42 88 38 38 101 38 35 13 0 11 16 25 39 57 62 49 15 56 52 68 51 42 42 6 55 72 31 40 38 8 6 5 0 11 7 16 0 4 18 6 
44 82 21 30 83 46 33 36 0 3 12 24 48 62 58 46 14 53 57 79 47 34 36 0 21 62 43 39 30 40 1 20 0 9 10 23 11 6 7 4 
46 71 27 22 74 38 36 36 20 0 0 19 58 41 60 52 16 43 59 86 55 27 49 2 0 34 34 51 8 52 9 30 9 7 14 24 19 12 8 2 
48 96 34 33 70 17 33 47 45 16 1 0 32 42 34 34 8 20 40 65 66 50 31 6 4 37 26 49 36 27 13 31 7 5 6 14 21 21 14 14 
50 116 40 44 73 12 34 46 38 33 22 12 16 24 36 24 4 0 28 36 76 44 32 3 8 34 22 30 78 14 12 24 8 0 4 4 12 26 14 26 
41 71 56 41 80 39 44 52 30 27 27 31 36 29 46 46 32 29 54 66 53 38 52 0 10 15 23 31 45 24 21 33 29 17 4 3 21 20 0 16 
32 52 53 45 73 56 54 62 48 34 24 24 50 40 52 58 69 92 52 54 50 43 72 20 12 6 15 44 24 16 17 32 37 57 18 2 30 16 0 6 
43 69 47 52 58 39 53 55 48 49 26 4 31 35 48 60 70 96 42 42 51 54 68 46 28 16 10 24 44 21 0 12 20 45 50 10 26 24 22 25 
54 91 58 56 75 22 52 49 38 55 44 0 6 20 38 68 72 100 35 34 40 56 56 61 32 39 29 4 43 40 1 1 1 13 58 25 22 29 23 44 
31 67 52 57 66 25 52 62 38 65 44 19 14 26 37 70 54 59 34 36 35 55 55 50 31 40 40 30 35 44 23 6 10 13 22 34 39 18 0 23 
8 28 28 56 60 30 52 69 79 48 40 15 20 32 37 60 44 47 21 43 37 60 52 40 30 33 38 43 38 41 48 19 16 20 6 22 56 28 0 2 
21 30 28 49 49 33 48 68 67 72 44 11 6 17 26 65 43 46 3 26 44 46 54 47 30 40 32 32 40 47 35 19 14 21 11 7 30 22 8 12 
34 45 28 42 46 36 44 71 52 96 51 19 4 2 16 70 28 48 4 0 33 32 43 53 36 64 24 20 54 40 27 9 12 16 18 6 5 6 4 22 
28 41 23 42 38 27 51 76 80 90 58 28 14 15 27 80 24 52 32 6 9 29 37 55 57 68 36 40 51 33 18 9 6 13 14 19 13 16 1 21 
22 36 18 42 30 18 67 57 96 112 64 24 10 28 38 98 52 46 32 12 0 18 34 46 76 72 42 53 73 32 8 10 0 6 11 16 18 32 4 20 
23 6 24 44 38 10 49 67 88 102 74 32 23 35 41 76 36 45 37 22 5 14 34 46 48 62 43 49 86 48 14 23 8 1 7 14 15 16 5 14 
24 6 27 46 50 33 33 68 72 92 65 34 36 42 44 63 32 51 33 29 22 10 33 47 28 51 47 37 90 64 17 36 22 8 4 8 12 8 4 8 
25 0 19 30 44 34 65 82 80 86 44 30 37 48 46 47 34 44 68 5 30 9 22 36 32 40 40 49 92 54 17 24 22 17 12 14 21 18 8 7 
26 3 12 36 12 37 94 93 78 80 42 17 38 54 48 37 24 32 74 14 22 16 17 20 40 32 28 60 96 44 20 20 8 10 20 20 30 28 18 6 
25 16 22 52 42 21 67 59 76 90 52 0 23 38 49 37 32 49 60 28 6 16 38 30 26 41 46 46 86 54 20 30 20 0 15 18 37 37 38 15 
24 16 27 61 71 32 36 48 57 96 60 4 8 22 38 29 31 62 78 22 0 0 52 44 24 38 64 29 76 64 20 28 45 3 10 16 44 46 42 24 
42 0 11 38 55 40 56 46 38 82 66 30 32 40 4 26 33 55 73 34 7 6 42 48 19 19 39 29 72 60 36 38 25 16 3 14 31 35 30 22 
60 22 3 44 20 20 76 44 12 58 69 35 56 61 19 18 40 48 68 33 16 12 32 28 20 0 18 58 47 56 55 52 8 19 1 12 18 24 18 20 
38 52 15 58 52 15 54 36 18 51 60 12 30 41 31 16 30 54 54 48 14 14 48 44 13 10 28 62 45 11 44 38 25 24 0 8 21 30 31 34 
16 52 24 54 85 20 32 22 28 55 48 9 8 12 20 12 20 60 52 36 12 16 64 51 7 18 28 52 52 1 20 24 29 41 8 4 24 36 44 48 
36 0 20 70 56 36 33 14 16 39 52 27 29 28 24 30 34 38 46 46 19 22 60 41 5 16 38 56 45 9 21 22 24 50 26 14 39 48 41 42 
56 7 12 63 52 40 40 20 0 30 36 32 61 62 36 47 29 24 38 58 23 40 60 38 17 8 48 58 19 11 22 26 20 50 36 24 54 60 38 36 
47 23 11 48 40 28 40 38 1 28 14 28 59 71 60 44 40 29 27 43 26 40 70 54 28 0 37 59 12 7 19 28 20 46 36 18 42 54 47 53 
38 28 24 32 28 16 29 43 16 27 9 20 51 62 74 53 49 50 31 40 12 40 80 57 31 2 32 48 24 1 18 28 24 35 40 12 30 48 56 70 
30 30 34 41 42 20 31 34 14 17 15 0 33 58 56 49 38 45 34 60 34 30 52 58 22 8 25 26 18 0 11 23 23 39 42 25 51 58 57 61 
22 25 32 39 56 23 42 40 23 0 2 0 24 60 28 52 32 20 24 80 56 20 24 48 20 9 24 8 15 0 4 18 26 36 25 38 72 68 58 52 
29 13 32 28 51 23 43 49 39 11 5 11 29 52 38 52 36 28 45 78 64 47 49 58 36 14 37 25 16 1 3 13 15 36 25 41 79 77 65 61 
36 7 30 26 40 24 44 43 46 30 1 17 43 52 43 58 40 25 56 76 72 75 52 54 65 31 47 61 39 0 2 8 4 36 28 44 86 86 72 70 
28 12 23 27 39 24 38 26 46 40 15 8 44 60 42 62 44 20 52 47 62 57 29 49 55 34 24 50 64 24 8 19 20 42 38 53 75 73 65 63 
20 13 15 26 38 24 29 22 20 34 37 21 28 68 40 64 48 36 32 28 60 44 14 65 13 33 16 12 63 52 14 30 36 48 48 62 64 60 58 56 
25 10 14 29 38 19 23 22 5 9 24 34 40 77 56 58 52 40 39 38 50 36 6 50 26 22 30 30 45 66 24 29 34 45 50 59 69 70 61 63 
30 9 16 32 37 16 23 24 0 0 0 14 58 66 72 52 53 46 46 40 48 39 16 32 28 8 24 42 48 69 41 29 32 42 52 56 74 80 64 70 
28 12 17 38 30 23 34 26 2 7 0 10 39 67 62 38 28 37 45 34 44 48 12 30 45 17 17 38 56 41 42 29 34 43 45 44 65 75 47 75 
26 12 18 44 26 36 41 27 0 6 4 12 32 76 52 44 12 24 40 20 40 52 4 16 45 44 10 34 64 34 36 26 36 44 38 32 56 41 30 80 
38 10 0 29 28 33 57 48 9 0 0 10 25 83 77 56 33 28 50 41 51 29 18 20 18 39 19 27 45 38 45 43 45 42 39 45 56 0 7 62 
50 25 8 14 24 28 48 58 17 6 0 4 34 62 93 68 52 40 55 76 64 12 20 28 24 7 28 20 26 42 46 60 54 40 40 58 44 0 0 44 
41 24 18 14 11 23 44 53 26 21 21 0 23 44 64 64 45 44 53 72 68 27 17 27 35 0 16 20 39 47 50 60 58 52 46 54 18 0 0 46 
32 11 12 22 2 18 40 46 40 17 22 22 12 34 43 60 29 37 52 48 71 46 14 26 44 12 4 20 52 52 54 60 62 64 52 29 0 0 0 48 
26 27 3 20 9 16 29 24 10 5 5 39 25 55 52 45 34 22 54 72 60 50 39 24 11 16 8 24 43 46 54 58 57 51 9 22 0 0 0 39 
20 40 6 11 12 14 18 6 0 0 0 24 38 78 50 51 31 8 56 84 48 45 53 35 8 4 12 28 34 40 54 56 52 10 0 21 0 0 0 30 
19 20 20 22 18 22 18 14 0 0 0 0 18 31 50 52 38 26 57 62 34 32 52 54 26 16 26 31 38 37 43 56 51 0 0 0 7 0 0 28 
18 0 24 34 24 30 16 20 8 0 0 4 4 12 20 40 24 43 64 40 32 23 33 60 37 30 40 34 42 34 32 56 54 0 0 0 0 0 0 26 
15 5 3 17 13 22 15 18 10 0 0 16 12 25 23 48 37 31 74 65 47 30 16 50 43 33 46 41 38 35 45 60 52 0 3 0 37 0 0 37 
12 16 0 4 2 6 6 16 12 10 0 7 14 40 30 38 56 32 65 84 70 55 16 30 37 36 52 48 34 36 58 64 54 0 2 11 26 26 0 48 
21 20 8 17 11 0 6 21 18 1 14 0 16 31 23 28 34 28 50 85 66 62 37 31 27 33 54 48 42 40 46 60 58 2 21 4 16 0 0 38 
30 31 6 26 24 4 3 26 14 0 16 6 18 22 16 18 20 30 51 64 56 59 47 49 29 30 56 48 50 44 34 56 61 3 8 25 0 0 0 28 
24 49 0 18 33 14 0 21 15 0 15 1 10 26 21 19 22 25 40 48 48 50 37 52 44 37 54 45 46 49 43 45 19 0 0 15 14 2 2 37 
18 58 15 9 29 24 10 14 13 9 17 2 2 30 26 20 24 20 23 32 40 43 25 39 49 44 52 44 42 54 52 37 1 0 0 0 0 0 6 46 
20 54 31 15 0 20 16 8 1 10 27 20 6 28 25 30 46 40 37 36 45 44 31 35 42 50 56 48 50 60 48 26 0 0 0 0 0 0 0 35 
22 48 24 41 2 8 6 4 0 0 21 32 10 26 24 40 68 60 54 50 40 46 38 36 40 56 60 52 58 66 44 26 0 0 0 0 0 0 0 24 
13 29 4 24 21 13 0 4 3 0 8 24 5 16 15 32 43 39 47 40 24 35 38 35 43 53 51 48 59 73 67 48 8 18 0 3 9 0 2 31 
4 20 0 0 12 21 0 0 0 0 0 19 6 6 6 24 18 18 40 30 12 28 38 34 46 50 42 44 60 80 90 35 23 12 0 0 22 11 7 38 
14 26 19 13 0 33 23 25 0 0 5 17 12 22 18 27 30 21 29 34 23 26 40 36 46 59 50 44 61 78 32 10 21 3 9 0 0 1 5 23 
24 29 28 47 0 17 35 49 31 0 15 22 8 38 30 30 42 24 18 38 34 24 42 38 46 68 58 44 62 59 0 2 14 0 2 4 0 0 0 8 
20 21 57 34 16 0 11 45 59 0 18 32 13 25 26 43 41 21 23 26 24 29 41 32 44 67 61 48 64 6 0 4 11 0 0 31 0 20 3 10 
16 5 43 40 13 15 0 28 58 11 11 36 24 14 22 56 40 18 28 18 14 34 40 26 42 66 64 52 32 0 0 0 3 0 3 36 12 16 27 12 
15 3 12 23 2 15 0 18 45 15 14 26 23 24 14 32 27 21 35 36 19 31 54 45 49 75 60 46 37 3 0 0 0 0 7 32 3 16 50 17 
14 4 16 7 0 8 3 12 31 6 18 22 16 32 17 8 14 24 42 42 24 28 68 64 56 84 56 40 40 6 3 0 0 0 5 29 18 10 49 22 
24 0 8 6 20 3 0 5 25 18 18 18 17 17 17 21 19 21 39 45 40 39 54 50 47 79 64 13 19 2 1 2 9 3 0 6 14 18 41 17 
34 1 0 12 13 0 6 2 12 32 20 12 18 11 4 34 24 18 36 48 56 50 40 36 38 74 37 5 17 8 17 0 0 14 0 0 0 8 33 12 
24 15 6 22 7 0 0 4 16 23 14 8 18 31 8 25 24 26 44 49 48 52 64 53 48 47 0 5 1 4 48 10 0 14 0 15 10 9 40 19 
14 14 6 26 13 0 0 4 20 14 8 4 18 32 20 16 24 34 52 50 40 54 88 70 58 4 0 0 0 0 40 26 0 14 0 25 24 14 44 26 
22 19 1 14 7 20 0 0 10 19 18 0 10 20 12 22 34 42 52 52 50 52 70 67 58 14 0 6 0 0 16 27 0 14 0 22 29 4 26 21 
30 24 11 0 1 10 9 13 0 24 24 2 2 8 4 28 44 50 52 54 60 50 52 64 28 7 4 15 23 5 11 31 0 14 0 12 28 7 8 16 
17 24 24 16 1 13 4 14 7 34 7 3 1 7 3 23 30 33 42 53 59 53 65 34 0 0 1 4 4 16 25 35 0 17 0 6 17 10 14 17 
4 4 16 30 5 20 9 7 14 34 2 8 0 6 2 18 16 16 32 52 58 56 59 0 0 0 0 0 0 0 23 37 21 17 0 0 8 2 20 18 
9 7 20 28 6 13 21 6 0 28 22 4 2 12 9 23 22 24 31 45 55 43 30 0 22 5 0 0 0 0 5 38 38 31 12 16 16 2 17 21 
14 12 42 8 9 5 20 21 4 12 38 0 4 18 16 28 28 32 30 38 16 21 17 0 16 36 20 6 0 0 3 37 43 39 13 32 29 12 14 24 
13 8 41 24 0 8 14 20 8 22 28 2 9 23 30 44 42 47 52 18 0 9 8 0 5 17 10 2 0 0 0 14 40 50 32 39 32 17 15 17 
12 0 28 50 1 14 19 0 10 31 16 2 14 28 44 60 56 62 69 0 0 0 0 0 0 0 0 0 0 0 0 0 16 26 54 51 48 21 17 10 
27 9 22 38 3 7 22 10 17 24 14 1 15 36 42 46 46 57 24 0 0 24 0 0 0 0 0 0 0 0 4 8 7 17 36 42 48 30 23 16 
42 26 27 35 11 9 4 12 28 16 16 0 16 44 40 32 36 25 0 0 0 26 22 0 0 7 5 1 2 1 3 9 6 10 18 34 33 34 28 22 
34 22 32 35 14 18 8 13 34 30 14 3 2 26 33 42 37 40 3 0 0 14 17 0 0 0 4 3 0 9 16 7 3 8 16 23 13 19 21 17 
26 4 28 32 12 17 14 16 34 44 16 11 0 0 11 28 43 41 13 21 7 16 8 9 0 0 4 10 0 1 23 8 0 6 14 12 2 10 12 12 
17 19 25 36 21 18 24 27 22 48 36 11 19 12 0 1 24 31 1 7 14 20 0 0 0 4 11 18 8 4 29 33 6 8 22 22 6 8 14 10 
8 23 27 37 27 22 34 38 17 36 59 15 29 33 1 0 0 10 0 0 0 11 0 0 0 5 19 20 14 2 26 45 28 10 30 32 14 6 16 8 
13 18 34 45 31 23 25 38 38 18 55 36 25 25 14 1 0 0 0 0 0 0 0 0 0 0 14 28 14 11 26 32 37 24 38 36 19 14 17 11 
18 16 35 39 33 32 16 38 52 21 37 43 35 15 4 16 16 1 0 0 1 0 0 2 0 0 0 24 4 20 26 22 34 38 46 40 24 24 23 14 
15 21 5 23 29 33 22 36 30 19 46 24 37 35 0 17 19 31 17 10 1 0 0 0 0 11 4 22 4 27 38 29 27 21 26 17 9 18 22 8 
12 24 0 15 20 18 28 34 1 17 22 26 19 32 19 18 14 54 56 0 3 12 6 7 1 11 8 20 6 34 50 36 20 7 6 3 0 6 19 2 
11 9 1 16 27 23 32 44 0 0 14 56 0 6 18 23 0 36 57 0 1 4 4 17 17 9 18 21 14 32 33 31 21 11 17 14 4 13 29 15 
10 0 0 0 13 32 36 55 0 0 0 75 19 0 0 7 0 26 48 2 8 2 0 13 22 5 23 22 22 30 16 26 22 14 28 22 11 20 34 28 
18 11 19 10 0 25 31 27 26 4 0 62 29 16 0 0 0 0 44 3 19 9 0 0 22 0 11 21 15 35 25 18 20 7 14 14 11 16 14 15 
26 46 0 0 0 11 24 12 10 15 23 69 21 27 17 0 0 0 13 8 24 20 0 0 5 0 2 14 8 40 34 10 18 8 0 1 5 12 4 2 
21 31 2 13 0 0 11 4 0 0 23 80 38 17 45 30 0 0 0 0 41 36 0 0 14 11 1 6 5 26 28 21 23 25 17 7 2 13 8 3 
16 19 0 0 0 0 0 9 0 0 0 71 47 24 48 41 35 5 0 0 25 44 0 14 15 24 8 4 2 12 22 32 28 26 34 15 8 13 10 4 
23 13 0 0 12 0 0 1 6 0 0 65 52 14 7 23 46 5 0 0 34 58 0 0 25 20 23 23 6 18 20 26 18 4 21 27 23 14 17 9 
30 16 0 0 0 14 0 0 18 0 0 55 54 12 2 3 45 0 0 0 15 52 22 9 16 8 30 38 16 24 18 20 18 5 8 24 23 16 23 14 
26 24 21 23 0 0 0 7 29 0 0 46 55 18 34 18 41 20 0 0 6 32 19 20 21 23 16 20 21 27 30 22 9 24 28 17 25 7 11 13 
22 15 25 42 30 2 0 7 27 7 0 37 52 47 32 33 28 41 9 0 13 32 8 13 14 38 20 4 18 30 42 26 2 22 48 16 28 17 3 12 
41 0 0 36 37 0 0 0 33 3 0 25 55 40 12 50 12 36 8 1 13 18 18 12 1 21 31 5 14 29 39 14 11 16 34 21 20 20 8 8 
60 16 5 7 36 0 0 0 13 9 0 25 58 56 14 20 37 13 4 5 0 3 17 24 0 4 28 8 10 28 17 17 22 10 20 37 7 19 12 4 
49 13 0 0 11 7 20 1 7 9 4 20 53 59 39 34 15 10 2 15 2 5 23 10 15 19 19 8 21 15 0 15 30 6 25 24 29 20 27 22 
38 0 0 0 0 0 1 8 18 29 0 21 59 54 40 46 12 15 0 12 0 22 14 0 18 34 16 4 32 19 0 0 31 2 30 8 37 24 28 40 
52 0 0 16 11 3 0 0 3 19 0 5 39 57 30 44 22 32 0 15 14 26 24 0 18 33 29 0 17 23 9 2 23 11 21 10 34 33 30 32 
66 16 0 13 26 33 0 1 0 2 0 0 8 48 24 28 32 39 4 16 26 27 31 0 18 32 47 13 2 20 5 14 12 20 14 12 34 44 32 24 
71 39 15 0 9 29 21 0 10 0 1 6 20 30 18 22 22 48 10 5 16 13 27 0 5 20 32 27 1 21 8 7 7 12 26 7 43 47 40 33 
76 48 19 16 4 30 3 26 28 0 0 0 40 11 12 17 19 48 11 0 0 9 26 0 0 8 17 20 0 15 11 9 9 4 32 2 52 50 48 42 
71 30 28 29 0 0 0 20 34 1 2 0 24 18 18 36 14 26 11 0 0 14 21 2 0 6 13 17 0 6 12 15 12 13 31 25 58 52 43 39 
66 0 0 0 0 0 0 0 0 0 0 0 8 24 24 55 8 8 8 0 0 18 24 0 0 2 4 11 3 6 11 17 6 22 30 48 64 54 38 36 
65 14 0 10 22 0 3 17 0 10 4 0 8 24 26 35 14 16 14 0 0 6 32 18 1 0 0 5 2 6 15 18 17 23 17 42 69 60 42 39 
64 15 9 17 39 0 5 24 6 23 20 4 4 28 28 16 13 20 20 10 2 10 28 20 7 0 2 0 0 5 18 9 28 28 4 36 74 66 39 42 
59 2 12 6 33 0 4 14 0 29 28 19 0 19 36 24 12 24 14 8 5 14 47 30 0 0 4 0 0 0 16 11 35 38 23 49 72 63 10 43 
54 0 0 0 0 0 9 0 0 0 25 32 9 8 32 32 17 39 16 2 11 38 40 28 0 3 11 0 0 0 5 14 42 50 42 62 69 37 0 44 
62 11 0 6 18 0 15 3 0 0 21 35 16 16 25 12 6 42 32 3 2 28 35 17 5 8 11 0 0 4 16 28 52 29 42 65 70 0 0 36 
70 41 0 11 32 11 16 0 6 0 24 36 10 23 22 5 0 24 40 18 9 4 20 16 1 12 11 0 0 0 28 42 61 0 42 68 70 3 0 28 
64 52 0 0 0 30 27 0 0 4 24 27 11 16 18 0 4 16 28 32 10 10 28 13 0 11 13 0 0 0 9 34 32 0 34 56 60 41 0 32 
58 33 0 0 0 0 34 0 14 2 24 24 8 7 15 1 4 28 8 29 8 21 31 12 0 4 20 0 0 0 0 12 12 2 32 44 50 45 6 36 
69 35 0 9 0 0 38 0 23 18 28 7 17 0 7 12 8 34 44 28 16 22 29 14 13 28 27 0 0 0 14 0 0 0 28 48 59 26 0 20 
80 33 0 8 0 9 32 0 35 20 34 2 19 4 3 10 14 32 63 60 21 20 43 20 42 29 23 0 0 0 9 3 5 0 11 52 68 31 0 4 
70 51 0 0 0 8 23 31 5 7 32 6 11 1 1 6 13 39 114 85 0 18 56 52 78 14 38 0 0 0 0 26 0 0 0 37 49 44 3 4 
60 40 19 10 5 14 12 29 6 0 20 8 2 0 0 2 12 46 149 104 0 16 108 66 90 23 46 0 0 0 0 9 10 0 0 22 30 38 12 4 
60 38 2 9 13 18 14 35 6 8 11 6 4 0 9 0 4 22 75 74 34 58 96 69 95 28 43 0 0 0 0 0 2 2 10 28 39 33 25 8 
60 44 1 7 16 20 16 40 4 16 8 4 0 0 5 13 0 0 4 36 40 87 94 64 76 47 47 0 0 8 0 8 0 0 8 34 48 33 35 12 
42 35 8 0 12 16 19 57 19 16 17 16 1 0 0 19 12 9 21 34 53 75 77 51 58 56 45 0 0 0 0 22 0 0 0 19 37 50 56 15 
24 16 21 12 11 8 24 62 40 19 16 31 11 1 0 10 18 9 39 51 55 54 69 56 62 68 30 0 0 0 12 48 3 8 0 4 26 60 49 18 
25 0 9 17 16 13 20 38 46 32 16 25 20 9 0 18 29 12 26 50 53 40 61 70 72 70 54 0 0 0 32 60 12 3 2 3 26 41 25 21 
26 0 0 7 5 20 16 15 38 48 22 25 17 17 0 14 29 35 27 49 56 23 42 77 90 72 64 20 0 0 34 66 24 0 16 2 26 22 10 24 
20 0 0 7 3 10 8 7 18 37 23 22 16 23 18 0 10 42 33 47 64 10 12 55 92 70 55 10 3 0 22 56 32 3 34 0 17 31 20 13 
14 0 0 4 4 2 2 0 10 17 20 13 13 13 31 3 4 33 31 47 66 19 4 31 77 68 51 13 0 0 8 24 26 0 47 11 8 40 29 2 
26 0 0 2 7 14 14 1 7 9 26 12 28 22 0 17 13 28 11 34 69 15 0 16 59 55 51 29 5 0 16 22 7 15 21 12 16 15 18 4 
38 14 8 0 8 20 20 12 11 0 22 14 25 10 3 24 38 35 0 12 62 22 1 6 44 42 66 28 0 0 13 20 2 0 4 6 24 1 8 6 
24 10 12 6 9 0 16 22 26 15 34 19 0 0 0 11 53 41 18 4 50 35 10 8 50 51 77 45 0 0 11 24 17 4 1 1 7 6 10 12 
10 6 7 12 11 0 4 14 28 30 46 23 0 0 0 0 39 36 35 21 50 27 18 8 49 61 80 47 27 10 16 18 27 16 0 0 0 0 10 18 
26 9 1 5 7 3 8 24 36 47 22 44 31 0 0 7 35 23 21 22 62 37 20 0 24 44 77 50 27 20 26 12 21 34 18 2 4 0 12 23 
42 12 0 0 0 0 12 34 36 19 27 67 39 10 13 25 51 23 12 5 52 50 41 8 11 24 54 46 38 20 32 10 4 27 46 11 11 2 14 28 
27 32 11 14 0 0 8 35 19 0 9 54 17 1 10 25 57 37 27 0 18 29 53 15 6 17 43 50 45 12 47 26 6 29 29 20 11 0 9 19 
12 32 22 18 13 0 0 22 23 4 1 37 0 0 0 5 51 42 43 25 8 0 51 17 1 10 32 42 43 4 48 50 8 32 22 27 18 2 4 10 
22 29 24 32 29 6 0 0 9 3 0 25 26 17 0 0 11 29 28 25 21 0 43 32 0 4 15 33 34 21 49 32 11 27 35 24 22 6 3 7 
32 35 22 46 40 11 0 0 0 0 0 11 21 66 0 0 0 4 23 0 14 7 46 36 0 0 4 20 12 34 64 12 14 22 58 20 12 8 2 4 
27 50 33 45 28 2 0 0 0 0 0 0 8 39 12 6 25 1 46 0 0 5 40 28 8 2 20 16 7 19 59 28 13 14 37 26 16 12 6 4 
22 49 44 46 30 0 0 0 0 0 0 0 0 15 0 20 40 3 64 2 2 5 18 28 8 4 27 18 8 10 52 39 24 4 12 32 9 14 12 4 
27 26 29 49 50 23 0 0 0 0 0 0 3 29 0 18 21 31 41 0 3 12 20 18 12 16 26 5 7 23 63 36 18 24 24 4 8 13 19 17 
32 23 14 46 34 32 15 0 0 0 0 9 15 36 13 28 0 25 36 0 0 16 22 8 12 22 27 8 8 36 66 28 11 34 35 5 0 6 20 30 
27 39 28 51 6 36 32 0 0 0 0 10 16 40 27 28 4 11 32 5 14 14 14 7 3 17 19 16 18 25 44 11 20 24 32 6 10 7 14 26 
22 36 42 47 3 44 44 2 13 3 0 5 14 44 33 31 19 0 24 0 28 8 12 9 0 8 11 13 28 28 16 0 28 4 28 2 20 11 8 22 
20 15 32 25 1 34 38 0 4 17 0 13 10 35 38 35 20 7 16 3 43 1 22 4 4 6 8 8 38 20 16 13 26 5 28 14 24 7 4 16 
18 0 10 3 0 15 34 0 0 13 16 24 4 29 71 4 12 25 4 12 43 0 32 0 8 4 5 4 43 12 8 26 32 8 17 26 33 16 0 10 
33 14 0 0 0 2 9 0 0 0 9 28 7 42 58 14 8 26 14 9 21 6 32 22 16 5 0 1 23 18 7 17 23 16 11 16 35 22 1 14 
48 32 3 3 3 0 0 0 0 0 0 4 9 73 44 4 2 23 24 8 4 12 25 29 26 16 0 0 4 19 8 8 13 22 13 6 28 28 2 18 
41 33 3 0 0 0 14 61 9 13 1 0 0 72 28 20 0 12 32 14 4 18 12 10 24 35 16 4 2 14 15 25 25 13 8 11 31 26 1 19 
34 28 9 0 8 36 0 57 24 19 40 6 0 57 12 31 8 0 40 20 4 18 9 0 6 34 37 18 4 10 16 51 36 8 0 16 35 24 0 20 
38 22 24 14 48 22 8 0 0 42 22 14 1 48 14 22 18 10 26 26 14 0 10 6 4 20 28 20 2 7 10 36 24 20 10 9 24 42 17 30 
42 12 31 33 58 30 20 30 0 0 4 16 12 32 16 8 28 20 12 31 19 0 4 9 2 14 16 20 3 4 7 20 4 17 27 2 20 42 34 40 
56 0 0 22 43 7 54 11 5 10 6 31 10 51 24 6 30 26 8 11 11 4 5 7 5 17 32 16 8 6 13 16 8 9 25 12 30 46 42 49 
70 21 0 0 26 15 10 26 0 10 5 40 16 66 32 4 23 31 10 8 4 0 8 2 8 22 47 12 9 8 21 10 16 2 20 22 40 50 50 58 
59 21 0 0 10 28 0 15 4 12 8 28 18 46 36 18 22 25 7 14 10 8 12 0 7 23 28 20 21 18 21 26 25 14 25 23 48 55 38 45 
48 1 2 0 0 37 0 7 0 8 12 16 20 24 40 25 30 20 4 13 11 16 20 6 6 21 14 9 32 28 24 38 34 26 30 24 56 60 26 32 
65 0 0 0 0 28 2 23 2 4 9 38 14 13 32 25 30 26 6 6 7 14 21 6 11 28 16 0 27 27 25 32 33 34 35 35 56 54 29 41 
82 24 7 10 10 16 9 32 8 0 8 50 16 8 24 20 24 32 12 4 4 11 16 2 16 35 15 0 22 26 26 26 34 42 40 46 56 48 32 50 
66 41 19 0 21 21 0 32 28 0 6 45 10 6 19 16 23 38 26 18 9 6 20 11 20 30 2 0 23 21 22 32 39 38 38 45 61 48 26 37 
50 1 45 0 5 22 15 22 38 4 4 39 8 4 13 10 17 38 30 35 25 5 16 20 24 20 0 0 26 24 18 38 44 34 36 44 66 48 20 24 
55 0 0 3 0 21 11 16 16 13 2 40 20 8 4 5 10 21 17 46 56 11 5 15 31 25 0 0 29 35 27 41 48 27 23 43 66 55 42 45 
60 16 6 0 3 28 0 8 0 12 0 34 32 10 4 4 4 11 4 45 63 37 4 10 38 14 0 0 30 38 36 44 52 34 14 42 66 58 40 66 
45 31 34 10 5 35 12 7 7 8 2 40 32 4 6 5 10 4 24 50 56 31 19 28 22 9 11 0 29 39 36 47 57 49 18 40 57 43 35 51 
30 17 36 20 6 39 24 14 18 8 4 46 32 0 4 5 14 0 44 56 42 26 22 46 28 24 0 0 28 40 36 50 62 55 24 38 48 38 32 36 
25 4 22 10 4 27 25 10 22 14 6 32 18 13 9 0 12 8 34 54 46 23 29 51 41 26 0 0 33 42 40 52 47 20 21 33 44 47 32 35 
20 4 12 0 8 12 20 0 19 20 8 16 8 14 18 7 4 16 24 52 50 28 36 56 55 14 0 2 38 44 44 54 46 14 0 28 40 46 28 34 
15 10 21 4 17 15 20 22 22 9 13 16 13 24 17 15 0 10 28 47 42 24 40 49 21 9 0 0 27 41 38 41 45 43 5 23 36 35 18 25 
10 8 29 7 22 25 14 37 36 8 15 12 20 34 16 27 5 4 32 42 34 8 27 27 15 31 0 0 16 38 32 32 30 38 24 24 32 30 20 16 
6 5 22 15 21 26 11 31 44 8 20 1 13 19 13 25 16 15 36 47 39 1 6 7 14 16 0 7 16 31 27 33 33 6 12 16 26 39 24 12 
2 2 16 16 13 24 10 18 43 12 25 4 6 4 10 14 12 26 40 52 30 8 14 0 0 9 0 0 16 23 20 34 33 0 0 2 20 42 18 8 
9 5 10 0 6 23 12 15 34 10 21 18 8 21 30 36 23 34 52 43 0 2 13 10 0 9 0 0 7 7 9 26 25 15 12 7 22 38 6 4 
16 8 10 0 0 7 10 12 20 11 9 24 10 38 50 58 34 42 64 39 0 2 0 0 0 9 0 0 0 0 2 18 16 13 17 12 24 34 12 0 
11 4 6 3 0 2 7 6 16 14 6 15 25 51 59 58 42 42 52 13 0 26 10 0 2 16 0 4 8 0 0 17 30 19 12 19 41 50 34 1 
6 0 1 0 0 3 4 0 10 15 6 10 37 64 68 58 50 42 40 1 3 15 23 23 15 11 5 0 4 0 5 16 38 27 6 26 58 66 45 2 
3 8 0 0 0 12 12 5 7 18 12 23 48 58 63 62 45 42 35 0 0 0 19 30 34 25 5 5 0 0 0 11 17 21 6 19 40 52 38 10 
0 17 0 5 0 11 17 16 8 16 18 36 59 52 58 66 40 42 41 0 0 0 0 13 52 57 11 0 0 0 0 10 4 8 6 12 22 38 28 18 
3 9 1 1 2 6 10 17 16 20 26 44 66 67 61 59 46 53 37 33 27 0 0 0 30 63 39 15 6 0 8 9 19 13 6 22 32 34 21 11 
6 0 0 0 0 6 4 12 24 26 34 52 73 82 64 23 35 64 35 55 52 21 21 5 18 55 42 24 45 13 0 4 26 22 6 32 42 30 17 4 
7 11 6 9 0 5 4 15 36 35 35 53 70 66 21 16 28 48 20 46 56 7 16 17 11 49 33 14 37 9 6 9 24 19 8 18 31 35 30 11 
8 25 13 21 2 6 4 18 48 44 36 54 67 6 8 18 33 44 15 29 58 5 0 16 4 43 28 11 26 0 0 14 22 20 10 4 20 40 36 18 
12 11 19 23 4 10 15 26 47 46 36 32 59 0 3 7 28 42 22 18 44 29 7 10 5 47 22 18 23 8 0 6 12 11 8 17 30 38 33 11 
16 0 12 41 13 6 26 34 46 45 7 25 58 8 12 6 20 36 21 19 30 24 25 11 6 51 17 20 24 6 7 2 2 2 2 30 40 36 30 4 
13 1 0 37 38 24 41 45 45 6 10 23 54 14 21 1 10 20 14 11 24 5 18 14 3 38 19 16 22 7 8 7 14 13 8 21 41 47 37 20 
10 6 6 16 32 42 56 56 34 0 10 26 54 22 42 8 0 7 1 0 16 0 0 4 0 26 16 12 20 8 4 8 26 24 14 12 42 58 44 36 
25 0 13 24 39 22 53 62 48 0 0 10 37 25 26 35 17 0 1 7 14 4 2 0 0 25 10 14 14 16 6 14 24 26 16 20 40 47 33 19 
40 7 2 38 31 19 50 63 44 28 10 6 30 11 0 28 36 15 0 12 11 8 3 2 0 18 4 15 8 17 10 20 22 28 12 28 38 36 27 2 
45 43 10 23 27 23 48 43 28 22 11 6 29 31 2 4 28 34 6 12 18 9 11 8 0 9 4 22 26 17 13 26 28 21 0 15 29 31 16 3 
50 66 39 20 21 24 45 50 36 16 0 0 8 31 24 1 7 30 20 11 24 6 19 23 0 4 4 23 44 15 15 32 34 24 3 2 20 26 2 4 
56 65 41 13 5 5 15 26 40 38 18 0 6 17 25 6 1 14 22 12 28 9 20 20 14 3 14 33 11 0 3 16 20 24 12 6 27 33 13 7 
62 80 44 2 0 0 0 1 10 32 36 7 13 4 18 7 15 4 11 6 29 14 20 16 24 4 23 24 0 0 0 0 6 14 8 10 34 40 20 10 
51 83 30 0 3 0 8 6 0 13 30 12 14 8 14 15 17 12 7 10 21 7 21 18 20 8 27 12 13 1 0 3 3 10 8 16 33 34 22 18 
40 80 38 0 3 3 14 13 7 4 16 4 8 16 12 24 18 12 3 14 26 5 12 20 12 12 27 4 6 13 0 12 2 6 6 22 32 28 24 26 
28 72 34 0 0 0 10 20 14 10 21 12 11 21 6 18 10 10 0 8 21 14 8 12 14 10 17 17 20 26 0 18 5 8 4 20 33 30 27 32 
16 64 36 0 1 4 0 15 14 17 25 14 32 19 0 14 4 13 0 4 12 20 4 4 16 8 9 28 34 20 12 24 7 14 0 18 34 32 30 38 
15 40 36 0 1 2 2 5 13 16 22 11 31 41 3 10 4 8 10 8 11 25 21 16 30 19 0 27 8 4 20 40 18 24 8 20 36 39 33 32 
14 32 28 0 0 0 1 0 14 13 16 10 24 50 12 9 12 0 10 14 14 18 34 24 38 36 8 26 9 0 0 31 30 34 22 22 38 46 36 26 
20 42 37 2 11 9 6 0 10 9 21 17 29 47 11 3 12 3 12 16 8 9 16 27 37 14 12 12 24 7 0 18 30 15 14 23 39 33 39 36 
26 50 36 2 11 18 18 5 6 6 23 24 42 40 10 4 4 6 14 18 4 2 6 29 31 8 9 0 16 5 12 6 29 7 5 24 40 20 42 46 
18 25 42 9 3 9 20 6 12 19 18 31 29 34 5 8 8 6 16 20 13 19 19 18 29 0 12 16 26 0 20 16 10 4 9 25 45 38 23 27 
10 8 21 7 3 6 10 0 18 32 13 46 12 24 4 4 12 6 18 22 20 36 30 11 22 0 6 32 31 0 24 26 8 0 6 26 50 56 18 8 
9 0 19 8 13 21 6 1 15 17 14 32 20 16 13 5 11 4 17 25 18 24 28 25 36 0 0 20 23 0 25 26 21 4 0 17 46 44 25 15 
8 0 14 2 21 36 8 2 12 2 16 16 28 8 17 7 12 2 16 28 16 12 24 33 58 3 0 0 11 4 27 26 25 15 5 8 42 32 18 22 
12 0 12 12 16 17 8 3 12 13 10 21 38 8 22 18 21 14 33 40 25 28 37 54 76 10 0 0 0 2 27 21 20 21 6 6 35 32 19 16 
16 7 4 20 10 0 8 3 12 24 8 26 40 8 24 26 24 26 50 52 34 44 50 75 94 37 0 0 0 0 20 16 15 23 10 4 28 32 16 10 
8 12 6 20 29 1 18 0 9 14 11 18 29 16 16 19 21 27 43 45 33 32 44 54 71 52 28 0 10 21 18 26 29 24 8 7 34 25 6 10 
0 6 8 14 39 6 33 5 8 4 14 10 20 20 11 12 18 28 36 38 32 20 38 20 42 52 48 58 10 11 23 36 35 40 12 10 40 17 0 10 
9 6 9 19 13 5 27 14 10 17 28 14 18 34 42 25 13 25 31 28 23 19 15 14 22 17 24 36 21 0 19 32 33 64 32 11 35 22 0 6 
18 11 10 15 8 6 18 15 10 30 42 18 16 52 74 38 8 22 26 18 12 15 0 16 20 0 0 0 0 0 12 28 28 57 59 16 30 30 12 2 
11 15 9 12 5 10 21 27 26 38 48 36 28 49 61 41 26 29 32 26 7 17 33 23 20 5 8 0 1 6 9 24 29 39 58 21 33 32 23 14 
4 13 8 15 1 6 20 32 42 46 54 54 40 46 48 44 44 36 38 34 14 18 50 49 24 16 21 0 0 9 6 20 30 30 39 22 36 34 25 26 
7 6 8 15 4 17 30 39 50 59 62 52 33 50 71 49 43 43 34 35 17 31 53 50 43 37 0 0 0 0 5 11 19 35 28 22 35 38 30 18 
10 4 2 15 0 28 40 46 58 72 70 50 26 54 94 54 42 50 30 12 23 44 56 59 55 56 2 0 0 0 4 0 8 40 30 22 34 43 21 10 
13 22 3 23 6 30 38 54 65 63 66 56 38 55 81 61 37 44 45 0 2 31 49 64 66 52 31 18 10 30 16 14 1 16 19 18 32 35 13 11 
16 38 12 21 17 32 36 62 72 54 62 62 50 56 68 68 29 38 64 16 0 18 42 64 80 48 40 50 8 20 28 32 22 10 6 14 30 27 0 12 
19 42 26 34 12 38 42 62 71 58 60 65 55 64 65 34 45 53 60 52 13 33 64 72 60 38 24 43 3 0 19 19 25 25 11 12 29 31 0 18 
22 37 33 43 14 47 48 62 70 62 58 68 60 72 61 24 50 68 56 56 28 49 86 79 54 40 19 30 1 0 10 8 8 25 22 6 28 38 0 24 
18 23 18 28 8 45 54 71 74 50 43 58 56 57 58 43 42 57 54 42 26 32 51 62 73 44 25 29 10 11 7 15 5 12 23 2 12 34 20 26 
14 10 0 7 2 34 60 80 78 47 31 48 52 42 50 54 34 46 52 40 28 28 16 44 74 36 30 32 18 21 4 16 14 2 15 10 0 10 34 28 
26 23 7 0 0 18 43 63 65 49 39 43 42 44 40 30 35 48 53 52 33 35 24 55 74 38 4 18 24 16 5 11 14 5 12 8 7 14 9 15 
38 35 29 12 0 14 26 46 52 48 46 38 32 46 32 6 34 50 54 52 34 29 32 44 70 71 3 8 12 8 6 6 9 8 13 4 10 17 0 2 
35 29 20 19 1 27 37 49 49 49 43 28 22 34 53 27 46 53 53 52 46 38 29 45 71 66 20 14 15 9 9 7 12 13 6 9 16 16 0 1 
32 26 10 7 4 28 48 52 46 50 40 32 28 22 38 48 58 56 52 52 52 61 37 48 73 64 29 20 24 6 12 8 16 18 4 8 22 17 4 0 
33 30 2 0 0 15 34 42 28 33 29 23 30 26 31 17 31 38 38 39 34 44 32 39 74 64 40 27 28 4 12 20 18 17 10 6 22 28 25 0 
34 39 0 0 0 0 20 32 7 18 24 10 16 30 28 9 0 20 24 26 16 36 20 20 60 64 44 36 32 4 12 32 20 16 13 4 22 36 35 0 
26 47 3 0 0 0 14 21 0 15 33 25 20 35 29 15 2 9 18 24 20 44 38 41 48 52 50 48 48 15 18 33 22 17 16 9 16 26 27 10 
18 42 2 11 0 0 8 8 0 10 28 34 24 40 33 22 11 8 12 22 20 29 45 67 60 40 45 55 64 28 24 34 25 22 21 17 10 16 22 20 
29 45 0 0 11 10 19 13 0 14 16 19 13 25 37 29 9 13 16 21 14 27 36 48 76 55 43 58 76 40 30 35 31 35 25 29 24 34 40 11 
40 58 3 19 0 6 30 10 8 26 16 14 6 10 26 33 8 10 20 22 8 26 34 32 62 72 52 59 85 52 36 37 36 51 29 32 38 52 60 2 
31 57 0 20 0 0 20 1 0 19 22 22 14 19 15 39 24 0 19 26 13 25 39 35 34 54 57 61 78 55 38 45 41 57 41 39 38 51 47 7 
22 50 0 13 6 3 0 0 0 4 16 20 18 33 4 44 46 0 16 24 18 24 44 38 22 40 44 71 68 51 40 50 46 58 45 47 38 50 54 12 
26 55 4 16 5 10 0 0 0 4 13 17 22 17 3 29 23 24 0 12 14 26 40 32 27 47 45 52 83 65 54 59 51 65 40 48 39 51 81 10 
30 70 23 23 6 11 0 0 5 5 8 14 26 10 2 14 3 34 7 0 10 28 36 26 32 54 46 34 58 71 68 73 70 79 40 48 40 52 102 8 
28 55 35 32 19 16 3 2 10 3 6 0 15 28 3 14 1 20 22 10 15 24 33 28 37 60 54 44 58 54 56 67 69 81 50 48 47 60 110 26 
26 41 39 36 26 20 14 6 16 0 9 0 0 24 8 13 8 11 16 20 20 20 30 30 42 66 62 54 58 40 44 66 80 82 60 48 54 60 99 44 
17 40 2 28 27 8 11 9 16 4 6 15 7 3 11 14 3 14 13 27 23 26 39 40 35 52 62 56 60 48 49 69 75 72 61 52 59 56 55 42 
8 28 0 8 25 7 0 2 15 8 0 16 25 0 10 13 0 8 14 34 26 32 48 50 28 38 62 58 62 56 54 72 70 62 62 56 64 52 42 40 
7 24 12 0 13 16 5 0 6 15 0 0 19 22 11 22 11 5 15 28 27 35 35 36 36 52 67 63 72 66 61 78 78 66 62 65 78 71 55 35 
6 12 18 3 0 10 10 11 0 7 9 1 0 24 17 33 20 6 16 22 28 38 22 22 44 66 72 68 82 76 68 84 86 70 62 74 92 90 68 30 
13 9 18 17 1 0 1 21 11 0 10 11 0 5 6 25 23 10 9 11 25 36 40 48 45 63 82 77 85 76 71 91 88 76 67 72 90 82 58 36 
20 19 16 16 13 4 0 0 19 9 6 8 17 2 0 14 9 11 12 0 22 34 58 74 46 60 92 86 88 76 74 98 90 82 72 70 88 74 48 42 
22 35 25 16 14 10 3 0 7 7 4 0 17 25 3 14 2 7 12 6 33 41 43 53 46 67 92 84 92 83 75 99 99 84 73 73 82 78 59 35 
24 43 39 30 19 6 10 0 3 1 2 0 2 34 13 20 7 5 3 12 44 48 28 32 46 74 92 82 96 90 76 100 108 86 74 76 76 82 61 28 
21 29 21 43 18 3 8 1 0 2 1 1 4 18 13 22 23 13 10 19 38 42 38 47 57 84 98 91 104 89 76 101 98 77 56 56 74 64 0 17 
18 0 4 36 16 7 0 0 0 0 0 1 9 6 11 18 26 21 18 26 32 36 48 62 68 94 104 100 112 88 76 102 88 68 38 36 72 33 0 6 
28 6 0 31 36 17 0 5 2 8 0 0 9 8 3 14 26 28 15 29 43 44 48 51 58 87 91 81 95 81 65 79 79 69 46 43 54 17 0 5 
38 40 2 15 51 32 8 6 30 1 0 0 4 8 0 7 26 32 12 32 54 52 48 40 48 80 78 62 78 74 54 56 70 70 54 50 28 7 9 4 
48 25 1 15 32 50 21 0 18 27 0 0 24 14 8 9 21 26 20 24 36 43 50 50 56 74 78 72 81 71 53 51 63 66 46 38 16 7 19 7 
58 52 0 16 20 37 48 15 0 8 7 5 40 34 24 23 18 17 28 24 18 34 52 60 64 68 78 82 84 68 52 46 56 62 38 26 14 4 17 10 
57 82 18 34 47 10 54 43 0 0 0 0 22 25 27 32 24 11 15 30 27 31 45 47 52 71 65 54 60 56 50 46 49 37 21 22 22 5 23 20 
56 112 33 42 69 39 40 43 10 0 1 4 18 10 22 28 28 20 2 28 36 28 38 23 40 74 52 26 36 44 48 46 42 26 18 6 24 0 26 30 
64 118 50 22 70 21 59 0 7 17 0 2 25 16 12 19 19 31 18 20 27 29 18 10 27 49 38 26 24 25 20 24 37 28 43 20 21 8 35 41 
72 124 65 24 58 22 93 0 0 14 31 11 19 22 14 10 7 21 34 24 18 30 16 7 14 24 24 20 12 14 4 2 18 3 42 48 28 16 44 52 
79 107 67 27 63 15 109 23 0 0 36 35 19 23 34 25 5 2 18 17 11 18 9 11 8 17 15 25 15 33 38 22 19 14 56 57 27 29 49 51 
86 134 77 41 17 15 99 33 25 7 23 40 24 24 42 40 26 2 2 4 0 8 2 8 2 10 6 24 18 44 60 42 22 14 72 72 25 42 54 50 
77 142 94 37 15 26 72 13 11 21 19 27 18 12 23 26 32 25 13 14 1 0 8 16 17 21 22 29 21 37 62 55 32 37 68 62 0 38 61 60 
68 117 102 66 2 21 77 0 3 29 28 3 10 4 4 4 15 33 28 23 23 0 4 18 32 32 38 34 24 30 64 68 42 48 66 42 0 34 68 70 
74 102 64 56 8 14 74 0 0 26 16 8 11 8 8 18 29 39 33 26 39 16 0 12 27 18 22 32 21 29 59 62 49 54 53 10 0 31 57 55 
80 114 65 41 11 12 36 0 0 0 8 6 12 10 12 32 46 48 42 32 64 14 0 6 22 4 6 30 18 28 54 56 56 44 38 0 0 25 46 40 
87 124 85 53 25 32 56 0 18 18 9 10 24 20 29 37 43 50 58 37 44 18 0 6 13 9 12 17 18 29 47 48 23 40 3 0 0 4 31 27 
94 130 86 68 41 42 10 0 0 0 16 14 36 32 46 42 40 52 56 51 45 16 0 6 4 14 18 4 18 30 40 17 0 21 9 0 0 0 16 14 
91 151 92 80 65 52 0 0 0 0 18 22 34 27 42 53 50 52 54 44 51 51 7 5 8 9 20 23 24 29 35 0 0 6 1 0 1 6 10 16 
88 149 111 93 88 76 6 0 0 0 10 30 30 22 38 64 60 52 52 46 38 91 19 5 14 4 22 39 23 28 22 2 4 0 0 0 0 4 4 18 
106 153 115 107 101 100 33 29 32 0 0 15 11 13 28 42 44 47 52 53 51 90 38 9 18 18 13 7 19 29 12 0 0 0 0 15 11 16 21 28 
124 179 132 125 114 107 46 58 50 0 3 0 0 0 18 20 28 42 52 60 58 78 48 15 20 32 19 0 0 30 13 0 0 0 0 1 4 22 38 38 
133 212 172 165 160 125 54 45 42 0 26 0 0 0 12 23 24 31 50 63 59 68 81 38 43 48 40 51 0 21 22 0 10 0 0 0 0 12 22 19 
142 146 202 199 217 164 72 28 70 66 36 15 0 6 4 26 20 20 48 66 60 70 66 56 66 64 74 76 45 20 34 25 0 3 0 6 0 2 6 0 
135 123 189 188 226 200 84 40 28 58 38 49 18 10 0 15 18 23 38 55 71 90 72 60 73 75 75 69 49 42 47 26 0 0 0 34 4 6 9 1 
128 115 111 164 216 221 99 61 55 55 40 63 47 49 12 4 16 26 28 44 82 110 84 64 80 86 76 62 56 64 60 23 0 0 1 39 5 10 12 2 
134 117 117 163 213 216 108 86 101 68 48 4 38 52 35 0 5 15 37 51 71 96 82 72 81 80 77 74 61 56 59 49 11 0 0 43 14 6 9 4 
140 133 122 156 228 226 125 78 156 86 56 0 5 41 60 12 0 4 46 58 60 82 80 80 82 74 78 86 66 48 58 58 38 0 0 42 18 4 6 6 
133 132 117 248 176 152 122 29 138 93 0 25 46 27 36 34 6 0 24 41 60 85 77 67 79 80 78 72 59 63 66 58 35 0 0 42 14 8 9 22 
126 106 124 156 117 143 124 1 139 119 0 40 50 28 38 44 24 4 2 24 60 88 74 54 76 86 78 58 50 78 74 27 34 26 16 29 8 6 12 38 
128 111 110 151 125 127 117 68 70 136 0 29 33 47 26 25 42 19 20 32 45 73 75 64 77 82 77 29 28 68 74 40 39 18 5 40 34 21 20 37 
130 109 100 181 75 102 128 96 70 94 34 0 8 32 28 4 40 23 38 40 30 58 76 74 78 68 47 38 40 55 71 50 52 31 7 12 32 37 28 36 
128 130 133 164 132 75 70 98 66 50 52 30 21 20 23 0 15 9 21 29 41 62 65 53 30 34 28 26 36 43 58 49 49 40 21 11 43 52 47 68 
126 136 170 188 132 96 62 44 24 24 20 53 44 8 20 0 0 0 0 18 52 66 52 7 17 17 7 5 17 30 52 52 44 36 20 16 56 68 16 100 
134 137 179 204 154 124 71 27 36 27 14 52 64 16 12 4 1 0 0 0 28 56 48 10 19 32 15 2 2 7 33 58 65 56 39 43 76 39 0 92 
142 157 163 213 180 136 100 10 39 19 12 48 84 24 4 4 1 2 0 0 0 33 47 20 9 37 35 15 0 0 8 29 63 69 46 70 96 33 3 84 
137 167 168 207 180 152 110 14 13 24 8 62 68 12 22 12 0 0 0 0 0 0 23 21 0 7 23 16 21 1 24 45 73 90 71 80 84 0 0 78 
132 159 168 200 180 144 120 36 8 16 2 66 41 0 30 15 5 6 0 0 0 0 0 0 0 0 0 0 0 0 38 70 102 100 92 90 64 0 0 72 
128 180 174 216 180 152 117 46 30 18 5 35 42 0 15 8 0 0 0 0 0 0 0 5 0 2 27 23 2 4 45 74 101 77 51 87 96 0 0 68 
124 192 173 225 180 160 106 48 48 14 10 12 56 4 0 0 0 0 0 0 0 0 0 0 0 0 0 54 29 21 52 78 79 58 54 84 101 18 0 64 
117 206 166 212 178 146 124 78 67 34 13 6 54 33 0 0 0 0 0 0 0 0 13 29 12 0 0 43 17 17 61 60 27 43 53 78 95 17 0 51 
110 194 163 198 176 132 126 97 83 61 18 2 39 64 4 0 0 0 0 0 0 0 0 0 34 13 4 29 34 16 70 64 17 18 35 72 84 23 1 38 
92 165 152 190 146 116 136 114 94 63 52 29 34 75 33 10 19 3 10 8 14 0 0 0 0 0 15 35 16 12 62 66 31 21 24 63 68 21 3 32 
74 128 132 176 116 100 129 126 117 72 56 56 45 87 60 23 15 0 8 13 0 0 1 0 2 0 2 32 25 19 53 53 37 31 25 50 62 22 5 26 
63 126 146 183 138 93 104 104 122 102 50 48 56 102 85 39 30 9 0 0 0 0 0 0 0 2 0 9 18 28 51 35 25 28 26 40 47 29 20 23 
52 120 160 192 128 96 76 72 101 125 70 40 58 97 108 49 31 29 15 0 0 0 15 0 1 0 0 0 3 21 55 33 10 14 23 43 38 20 28 20 
60 126 160 166 99 90 89 81 99 127 94 61 69 86 137 62 17 20 28 6 12 0 0 0 0 0 4 0 0 3 40 41 12 0 11 37 42 14 25 17 
68 140 142 131 104 84 80 81 124 132 94 82 80 92 142 90 40 0 0 7 13 7 0 10 0 0 0 0 0 0 10 29 22 0 4 24 38 16 18 14 
66 121 108 113 95 91 69 70 120 163 102 87 89 108 123 101 57 0 0 0 20 6 15 0 7 0 0 0 2 7 0 6 14 3 1 16 27 25 23 16 
64 116 96 100 88 89 69 66 98 172 123 92 98 124 125 104 55 0 0 0 11 18 15 0 0 19 0 0 0 12 7 0 0 0 0 8 12 21 26 18 
47 118 110 115 100 87 67 70 96 131 121 94 92 115 138 124 48 0 26 8 0 1 0 18 0 17 8 11 0 10 3 7 0 0 0 11 21 16 28 12 
30 100 112 125 118 97 68 74 94 110 111 96 86 106 128 142 58 25 0 74 0 0 16 0 13 3 1 14 14 14 0 5 4 0 3 14 30 16 32 6 
32 74 89 111 117 104 72 70 80 80 108 92 85 105 115 104 24 0 0 107 13 0 0 13 0 0 0 6 14 17 1 0 0 0 3 8 21 12 24 5 
34 88 47 86 101 103 82 71 67 64 91 88 84 104 102 94 23 0 45 100 0 0 31 0 0 0 0 0 4 15 0 0 0 0 0 2 12 4 16 4 
30 92 54 73 88 101 96 85 79 63 72 84 80 96 101 96 85 4 1 100 23 0 0 12 29 9 0 0 0 8 0 0 3 0 2 1 10 1 12 2 
26 81 66 72 73 90 104 96 93 83 62 80 76 88 100 98 96 15 0 96 16 15 0 29 33 22 0 0 0 0 0 0 0 0 0 0 8 2 8 0 
19 48 49 63 56 67 87 97 87 87 64 80 83 95 100 92 92 23 0 81 85 0 0 0 68 13 50 0 0 13 1 0 0 1 4 0 2 3 6 9 
12 26 24 43 48 50 82 84 71 80 66 80 90 102 100 86 88 31 0 85 87 17 65 0 46 49 16 0 20 24 0 13 4 2 6 0 0 0 2 18 
19 34 32 42 49 48 63 66 76 77 70 78 88 96 99 87 87 83 10 86 22 63 31 3 39 1 14 22 0 22 0 2 5 2 13 0 0 8 0 9 
26 41 40 42 50 46 44 48 82 94 74 76 86 90 98 88 86 80 0 86 78 0 17 0 28 0 0 22 8 20 4 0 0 0 14 4 0 11 7 0 
29 23 28 48 53 47 62 71 87 86 71 73 82 87 93 87 86 72 0 84 74 11 0 0 24 5 4 21 24 18 1 3 3 4 15 13 0 0 23 16 
32 20 16 54 56 48 80 94 92 78 68 70 78 84 88 86 86 70 51 78 0 0 0 0 0 6 15 21 37 24 0 0 0 0 8 22 18 0 15 32 
23 30 18 52 62 50 70 81 84 79 65 66 78 82 83 80 80 69 56 76 1 0 0 0 0 0 0 22 35 41 5 6 9 0 6 12 8 0 0 18 
14 29 20 50 68 52 60 68 76 80 62 62 78 80 78 74 74 39 70 52 0 8 2 0 0 0 0 20 27 32 16 16 19 8 0 7 0 0 0 4 
24 31 30 57 62 46 63 78 84 81 71 67 71 75 78 77 78 74 35 59 0 0 0 0 0 8 0 32 36 29 13 4 18 11 0 21 7 0 0 3 
34 34 40 64 56 40 66 88 92 82 58 64 63 70 78 80 82 74 12 60 31 5 10 0 0 5 28 34 25 34 25 0 0 3 0 26 23 11 0 2 
40 41 41 69 66 31 57 79 81 60 25 56 63 73 73 71 69 66 13 53 10 32 0 19 2 0 0 31 18 31 46 25 0 0 0 1 20 26 5 5 
46 52 42 74 72 38 48 70 51 56 23 38 62 76 68 62 56 58 8 51 5 17 11 1 0 0 13 32 3 0 46 39 25 8 0 0 5 28 8 8 
42 54 52 74 71 49 52 49 40 55 37 36 53 66 59 54 58 59 45 58 31 29 5 11 5 0 0 11 4 0 29 0 25 4 0 0 11 32 0 4 
38 52 62 74 62 52 55 55 40 44 35 44 44 56 50 46 60 60 43 57 37 41 31 38 0 5 0 6 0 8 0 0 0 0 0 0 5 32 0 0 
41 51 34 64 67 43 39 60 49 48 32 45 50 58 53 44 53 58 45 56 16 31 54 59 9 27 12 4 0 0 0 0 0 0 0 0 6 40 0 5 
44 51 26 62 68 35 19 56 47 54 32 40 56 60 56 47 46 56 46 59 13 5 65 58 13 35 27 20 0 0 12 0 0 0 6 0 0 44 4 10 
48 49 26 64 62 45 17 42 48 50 33 32 45 62 53 53 48 56 49 67 42 33 46 38 9 37 35 26 2 24 0 5 5 21 4 0 0 16 10 10 
52 51 24 60 59 52 29 31 48 44 37 31 34 64 50 41 50 56 62 63 58 51 40 30 14 45 38 20 31 6 2 14 17 29 0 0 0 0 9 10 
54 62 28 50 68 67 38 40 46 53 45 42 45 63 58 27 42 52 53 41 48 60 61 24 10 46 53 29 22 0 0 8 26 28 12 0 0 0 5 15 
56 69 46 38 70 79 49 47 54 58 50 45 56 62 66 37 34 48 44 37 30 48 65 45 14 32 51 41 34 8 0 4 20 14 14 12 4 1 2 20 
